a6b3aa,39.527691340042374,-104.80535888671875,1720476031
a6b3aa,39.527458578853285,-104.80517578125,1720476032
a121c0,39.55641407077595,-104.7926025390625,1720476032
a6b3aa,39.52720642089844,-104.80509218962297,1720476033
a121c0,39.55659484863281,-104.79321023692256,1720476033
a6b3aa,39.52693176269531,-104.8049727730129,1720476033
a121c0,39.55668640136719,-104.79344907014266,1720476033
a6b3aa,39.52676029528602,-104.80487060546875,1720476033
a121c0,39.556732177734375,-104.79368790336278,1720476034
a121c0,39.55682373046875,-104.79404615319294,1720476034
a6b3aa,39.52629089355469,-104.80461452318275,1720476034
a121c0,39.55692614539195,-104.7943115234375,1720476035
a6b3aa,39.52601623535156,-104.80449510657269,1720476035
a121c0,39.55692614539195,-104.7943115234375,1720476035
a121c0,39.5570658021054,-104.794921875,1720476036
a6b3aa,39.52554993710275,-104.80426025390625,1720476036
a121c0,39.5570658021054,-104.794921875,1720476036
a6b3aa,39.52531717591366,-104.80413818359375,1720476037
a6b3aa,39.52445983886719,-104.80377860691237,1720476038
a6b3aa,39.52372741699219,-104.80342035708219,1720476040
a121c0,39.557830810546875,-104.79744952657947,1720476040
a6b3aa,39.52340853416313,-104.80328369140625,1720476040
a121c0,39.557950294623936,-104.7977294921875,1720476041
a121c0,39.558043399099574,-104.798095703125,1720476041
a121c0,39.55810546875,-104.79840485945991,1720476042
a121c0,39.558183055813025,-104.79864501953125,1720476042
a121c0,39.55828857421875,-104.79894223420516,1720476043
a121c0,39.55833435058594,-104.79918106742528,1720476043
a121c0,39.55855547371557,-104.79986572265625,1720476044
a121c0,39.55860900878906,-104.80013640030569,1720476045
a121c0,39.55869513042902,-104.8004150390625,1720476045
a121c0,39.55879211425781,-104.80067377505094,1720476046
a121c0,39.55888366699219,-104.8009723165761,1720476046
a121c0,39.55897521972656,-104.80127085810122,1720476047
a121c0,39.55906754833157,-104.80157470703125,1720476047
a121c0,39.5591606528072,-104.80194091796875,1720476048
a121c0,39.5591606528072,-104.80194091796875,1720476048
a121c0,39.55934686175847,-104.802490234375,1720476049
a121c0,39.55943996623411,-104.802734375,1720476049
a121c0,39.559478759765625,-104.803002398947,1720476050
a121c0,39.55961608886719,-104.80336064877716,1720476050
a121c0,39.5596727274232,-104.80364990234375,1720476051
a6b3aa,39.51726363877118,-104.8013916015625,1720476053
a121c0,39.56009169756356,-104.80511474609375,1720476053
a6b3aa,39.51707742981991,-104.80133056640625,1720476053
a121c0,39.560184802039196,-104.80535888671875,1720476054
a6b3aa,39.516844668630824,-104.80126953125,1720476054
a121c0,39.56027790651483,-104.80572509765625,1720476054
a121c0,39.560371010990465,-104.80609130859375,1720476055
a121c0,39.560371010990465,-104.80609130859375,1720476055
a121c0,39.5604641154661,-104.80670166015625,1720476056
a6b3aa,39.515533447265625,-104.80103202488112,1720476057
a121c0,39.560603772179554,-104.80755615234375,1720476057
a6b3aa,39.515350341796875,-104.8009723165761,1720476057
a6b3aa,39.51512145996094,-104.8009723165761,1720476058
a121c0,39.560696876655186,-104.80816650390625,1720476058
a6b3aa,39.51484680175781,-104.80091260827106,1720476058
ac35ab,39.493377685546875,-104.87566740616506,1720476058
a121c0,39.560696876655186,-104.80853271484375,1720476059
a6b3aa,39.51465671345339,-104.80084228515625,1720476059
a6b3aa,39.51465671345339,-104.80084228515625,1720476059
a121c0,39.560696876655186,-104.80889892578125,1720476059
a6b3aa,39.514237743313025,-104.80078125,1720476060
a121c0,39.56071472167969,-104.80921206266984,1720476060
a6b3aa,39.514237743313025,-104.80078125,1720476060
ac35ab,39.49026334083686,-104.87969970703125,1720476060
a6b3aa,39.51377222093485,-104.8006591796875,1720476061
a121c0,39.5606689453125,-104.80986885402513,1720476061
a6b3aa,39.51353945974576,-104.80059814453125,1720476061
ac35ab,39.488433837890625,-104.88199648649797,1720476061
a121c0,39.560650324417374,-104.8101806640625,1720476061
a121c0,39.56053161621094,-104.81082418690556,1720476063
a121c0,39.5604641154661,-104.8111572265625,1720476063
a121c0,39.560371010990465,-104.8115234375,1720476064
a121c0,39.560211181640625,-104.81213776961616,1720476065
a121c0,39.56009169756356,-104.8123779296875,1720476065
a121c0,39.55998229980469,-104.8126751443614,1720476066
a121c0,39.55985893637447,-104.81292724609375,1720476066
ac35ab,39.47946322166313,-104.89361572265625,1720476067
a121c0,39.55970764160156,-104.81321251910666,1720476067
a121c0,39.55957962294756,-104.8134765625,1720476067
a81ba7,39.54207598152807,-104.853271484375,1720476067
ac35ab,39.477973550052965,-104.8955078125,1720476068
a81ba7,39.54226219047934,-104.853271484375,1720476068
a121c0,39.559478759765625,-104.81369018554688,1720476068
a121c0,39.55930030952066,-104.81396484375,1720476068
ac35ab,39.47639465332031,-104.89758035411006,1720476069
a121c0,39.55915832519531,-104.8141678519871,1720476069
ac35ab,39.4746683411679,-104.8997802734375,1720476070
a121c0,39.558837890625,-104.81464551842731,1720476070
a121c0,39.5586485781912,-104.81488037109375,1720476070
ac35ab,39.47296142578125,-104.90199876868206,1720476071
a121c0,39.5584716796875,-104.8150634765625,1720476071
ac35ab,39.471588134765625,-104.90373030952784,1720476071
aba76a,39.528533935546875,-104.8489180855129,1720476072
a121c0,39.55787658691406,-104.81566055961278,1720476072
ac35ab,39.469873460672666,-104.90594482421875,1720476072
aba76a,39.52894825046345,-104.84893798828125,1720476073
a121c0,39.557670981197035,-104.8157958984375,1720476073
aba76a,39.52894825046345,-104.84893798828125,1720476073
a121c0,39.557670981197035,-104.8157958984375,1720476073
aba76a,39.52935791015625,-104.84897779381794,1720476074
a121c0,39.55725201105667,-104.81610107421875,1720476074
aba76a,39.529632568359375,-104.84897779381794,1720476074
a121c0,39.55697269762977,-104.8162841796875,1720476074
a121c0,39.55677795410156,-104.81643676757812,1720476075
a121c0,39.55655372748941,-104.8165283203125,1720476075
a121c0,39.55632019042969,-104.81667560079822,1720476076
a121c0,39.55613708496094,-104.81673530910325,1720476076
a121c0,39.55590199615995,-104.81683349609375,1720476077
a121c0,39.5557623394465,-104.81689453125,1720476077
a121c0,39.55549621582031,-104.8170338506284,1720476078
a121c0,39.555296817068324,-104.817138671875,1720476078
a121c0,39.555017503641416,-104.81719970703125,1720476079
a121c0,39.554831294690146,-104.81732177734375,1720476079
a121c0,39.55455198126324,-104.8173828125,1720476080
a121c0,39.55455198126324,-104.8173828125,1720476080
a121c0,39.55408645888506,-104.81756591796875,1720476081
a121c0,39.55390024993379,-104.81768798828125,1720476081
a121c0,39.55366516113281,-104.81775035028872,1720476082
a121c0,39.552886962890625,-104.81798918350881,1720476083
a121c0,39.552703857421875,-104.81810860011888,1720476084
a121c0,39.55242919921875,-104.8181683084239,1720476084
a121c0,39.55224609375,-104.81822801672894,1720476085
a121c0,39.55206298828125,-104.818347433339,1720476085
a6bf31,39.57582092285156,-104.853515625,1720476085
a121c0,39.55185195146981,-104.81842041015625,1720476086
a6bf31,39.57601256289725,-104.853515625,1720476086
a121c0,39.5515726380429,-104.8184814453125,1720476086
a6bf31,39.57601256289725,-104.853515625,1720476086
aba76a,39.535419011520126,-104.84930419921875,1720476086
a121c0,39.55138642909163,-104.818603515625,1720476087
aba76a,39.535675048828125,-104.84927633534306,1720476087
a6bf31,39.57637023925781,-104.853515625,1720476087
a121c0,39.55138642909163,-104.818603515625,1720476087
a121c0,39.55138642909163,-104.818603515625,1720476087
aba76a,39.53594970703125,-104.84927633534306,1720476088
a121c0,39.55078125,-104.81878662109375,1720476088
aba76a,39.536210399563025,-104.84930419921875,1720476088
a121c0,39.55059504104873,-104.81890869140625,1720476088
aba76a,39.53653626522775,-104.84930419921875,1720476089
a121c0,39.55036926269531,-104.81894451638925,1720476089
a6b3aa,39.500737594345864,-104.7979736328125,1720476090
a6b3aa,39.500518798828125,-104.79792719301969,1720476091
a6b3aa,39.50028991699219,-104.79786748471466,1720476091
a121c0,39.54927062988281,-104.81936247452444,1720476091
a6b3aa,39.50006103515625,-104.79780777640966,1720476092
a121c0,39.54899597167969,-104.8194818911345,1720476092
a6b3aa,39.49983215332031,-104.79774806810462,1720476092
a121c0,39.54877950377383,-104.819580078125,1720476093
a6b3aa,39.49957378840042,-104.79766845703125,1720476093
a121c0,39.54877950377383,-104.819580078125,1720476093
a6b3aa,39.49934102721133,-104.797607421875,1720476094
a121c0,39.548309326171875,-104.81972072435462,1720476094
a6b3aa,39.49934102721133,-104.797607421875,1720476094
a121c0,39.54808122020657,-104.81982421875,1720476094
a6b3aa,39.49892205707097,-104.7974853515625,1720476094
a121c0,39.54789733886719,-104.81989984926969,1720476095
a6bf31,39.57911682128906,-104.853515625,1720476095
a6b3aa,39.49864196777344,-104.79738981827444,1720476095
a121c0,39.5476622500662,-104.8199462890625,1720476095
a6bf31,39.579254150390625,-104.853515625,1720476095
a6b3aa,39.49840998245498,-104.79736328125,1720476096
a121c0,39.5473829366393,-104.820068359375,1720476096
a6b3aa,39.49817722126589,-104.79730224609375,1720476096
a121c0,39.547243279925844,-104.82012939453125,1720476096
a121c0,39.547057070974574,-104.8201904296875,1720476097
a6b3aa,39.4979444600768,-104.7972412109375,1720476097
a6bf31,39.579736741922666,-104.853515625,1720476097
a121c0,39.546870862023304,-104.82025146484375,1720476097
a6b3aa,39.497758251125525,-104.79718017578125,1720476097
a6b3aa,39.497572042174255,-104.797119140625,1720476098
a121c0,39.546661376953125,-104.82031780740488,1720476098
a6b3aa,39.497339280985166,-104.79705810546875,1720476098
a121c0,39.54643249511719,-104.82043722401494,1720476098
a6b3aa,39.497339280985166,-104.79705810546875,1720476098
a121c0,39.546219130693856,-104.82049560546875,1720476099
a6bf31,39.58039855957031,-104.853515625,1720476099
a6b3aa,39.49692031084481,-104.79693603515625,1720476099
a121c0,39.546219130693856,-104.82049560546875,1720476099
a6bf31,39.58057468220339,-104.85345458984375,1720476099
a6b3aa,39.49692031084481,-104.79693603515625,1720476099
a121c0,39.54583740234375,-104.82061634893003,1720476100
a6b3aa,39.496490478515625,-104.79685244352922,1720476100
a121c0,39.54561395160222,-104.8206787109375,1720476100
a6b3aa,39.49626857951536,-104.79681396484375,1720476100
a121c0,39.54542774265095,-104.82073974609375,1720476100
a6b3aa,39.49603271484375,-104.79673302691916,1720476101
a121c0,39.54524230957031,-104.82085518215013,1720476101
a121c0,39.54505920410156,-104.82091489045516,1720476101
a121c0,39.54486911579714,-104.82098388671875,1720476102
a121c0,39.54458980237023,-104.821044921875,1720476102
a121c0,39.54437255859375,-104.82115372367528,1720476103
a121c0,39.544170832229874,-104.82122802734375,1720476103
a121c0,39.543891518802965,-104.8212890625,1720476104
a6bf31,39.582275390625,-104.853515625,1720476104
a121c0,39.543705309851696,-104.82135009765625,1720476104
a121c0,39.54342599642479,-104.8214111328125,1720476105
a121c0,39.54342599642479,-104.8214111328125,1720476105
a121c0,39.54304504394531,-104.82157168181047,1720476106
a121c0,39.54277038574219,-104.8216910984205,1720476106
a121c0,39.542633056640625,-104.82175080672553,1720476107
a121c0,39.54240184719279,-104.82183837890625,1720476107
a6bf31,39.58355402542373,-104.85357666015625,1720476108
a121c0,39.538770772643005,-104.8248291015625,1720476118
a121c0,39.538631115929554,-104.82501220703125,1720476118
a121c0,39.53851318359375,-104.82521388841712,1720476119
a121c0,39.53807248907574,-104.8260498046875,1720476120
a121c0,39.537139892578125,-104.8302293860394,1720476128
a121c0,39.537139892578125,-104.83052792756453,1720476129
a121c0,39.53709411621094,-104.83076676078466,1720476129
a121c0,39.53709411621094,-104.83112501061481,1720476130
a121c0,39.53700178760593,-104.83251953125,1720476132
a121c0,39.53700178760593,-104.83282470703125,1720476133
a121c0,39.53700256347656,-104.83345363451087,1720476134
a121c0,39.53700178760593,-104.833740234375,1720476135
a121c0,39.53700178760593,-104.833984375,1720476135
a121c0,39.53700178760593,-104.83428955078125,1720476136
a121c0,39.53700178760593,-104.83428955078125,1720476136
a121c0,39.53700178760593,-104.8348388671875,1720476137
a121c0,39.53700178760593,-104.8350830078125,1720476137
a121c0,39.53700178760593,-104.836181640625,1720476139
a121c0,39.53704833984375,-104.83643904976222,1720476140
a121c0,39.53704833984375,-104.836669921875,1720476140
a121c0,39.53704833984375,-104.836669921875,1720476140
a121c0,39.5371879965572,-104.8385009765625,1720476143
a121c0,39.5372314453125,-104.83876767365828,1720476144
a121c0,39.53723454879502,-104.83905029296875,1720476144
a121c0,39.53728110103284,-104.8392333984375,1720476145
a121c0,39.53742075774629,-104.840087890625,1720476146
a121c0,39.53782653808594,-104.84217104704484,1720476151
a121c0,39.537872314453125,-104.84240988026494,1720476151
a121c0,39.5379638671875,-104.84270842179006,1720476151
a121c0,39.53807248907574,-104.84295654296875,1720476152
a121c0,39.53811904131356,-104.8431396484375,1720476152
a121c0,39.53819274902344,-104.84336521314538,1720476153
a121c0,39.53830525026483,-104.84356689453125,1720476153
a121c0,39.538677668167374,-104.84454345703125,1720476155
a121c0,39.538956981594275,-104.84515380859375,1720476157
a121c0,39.53909663830773,-104.84539794921875,1720476157
a121c0,39.53919982910156,-104.8456341287364,1720476158
a121c0,39.53929138183594,-104.84575354534647,1720476158
a81ba7,39.57629187632415,-104.85345458984375,1720476169
a81ba7,39.580718994140625,-104.853515625,1720476181
a81ba7,39.58178504038665,-104.8536376953125,1720476184
a81ba7,39.58178504038665,-104.8536376953125,1720476184
a81ba7,39.582157458289196,-104.8536376953125,1720476185
a81ba7,39.582157458289196,-104.8536376953125,1720476185
a81ba7,39.58420575675318,-104.853759765625,1720476190
a81ba7,39.58434541346663,-104.853759765625,1720476191
a81ba7,39.58448507018008,-104.853759765625,1720476191
a79be3,39.52871548927436,-104.935302734375,1720476202
a6bf31,39.565445204912606,-104.8704833984375,1720476226
a6bf31,39.5651658914857,-104.87042236328125,1720476227
a6bf31,39.564422607421875,-104.87035336701766,1720476228
a6bf31,39.564239501953125,-104.87035336701766,1720476229
a6bf31,39.559952040850106,-104.869873046875,1720476238
a6bf31,39.55874168266684,-104.86981201171875,1720476241
a6bf31,39.55855547371557,-104.8697509765625,1720476241
a6bf31,39.55855547371557,-104.8697509765625,1720476241
a6bf31,39.558089951337394,-104.8697509765625,1720476242
a6bf31,39.558089951337394,-104.8697509765625,1720476242
a6bf31,39.5549709514036,-104.86944580078125,1720476249
a6bf31,39.5549709514036,-104.86944580078125,1720476249
a6bf31,39.55334162307998,-104.8692626953125,1720476252
a6bf31,39.54689025878906,-104.86856211786684,1720476267
a6bf31,39.546638100834215,-104.86859130859375,1720476268
a6bf31,39.544263936705505,-104.868408203125,1720476273
a6bf31,39.54400634765625,-104.86838299295175,1720476274
ad579b,39.51873779296875,-104.84850012737772,1720476274
ad579b,39.519378662109375,-104.84850012737772,1720476275
a6bf31,39.54034423828125,-104.86814415973166,1720476282
ad579b,39.525130966962394,-104.8487548828125,1720476284
ad579b,39.52587890625,-104.84879866890284,1720476285
ad579b,39.52748107910156,-104.84885837720788,1720476288
ad579b,39.527801513671875,-104.8489180855129,1720476288
ad579b,39.52825927734375,-104.8489180855129,1720476289
ad579b,39.52839660644531,-104.8489180855129,1720476289
a81ba7,39.575042724609375,-104.87357761548913,1720476290
ad579b,39.52880859375,-104.84893798828125,1720476290
a81ba7,39.57480220471398,-104.87359619140625,1720476290
ad579b,39.52913445941472,-104.8489990234375,1720476290
ad579b,39.52946032507945,-104.8489990234375,1720476291
a81ba7,39.574569443524894,-104.87359619140625,1720476291
ad579b,39.52946032507945,-104.8489990234375,1720476291
a81ba7,39.574569443524894,-104.87359619140625,1720476291
ad579b,39.52995300292969,-104.84903750212297,1720476292
a81ba7,39.574150473384535,-104.87353515625,1720476292
ad579b,39.530364990234375,-104.84903750212297,1720476292
a81ba7,39.574150473384535,-104.87353515625,1720476292
ad579b,39.53324890136719,-104.849156918733,1720476297
ad579b,39.53365002648305,-104.84918212890625,1720476297
ad579b,39.53406899662341,-104.84918212890625,1720476298
ad579b,39.53406899662341,-104.84918212890625,1720476298
ad579b,39.53498840332031,-104.84921662703803,1720476299
a81ba7,39.570648193359375,-104.873279073964,1720476300
ad579b,39.535675048828125,-104.84927633534306,1720476300
a81ba7,39.57042629435911,-104.87322998046875,1720476300
ad579b,39.53631591796875,-104.84927633534306,1720476301
aaa4b3,39.51434326171875,-104.84455937924591,1720476302
ad579b,39.53704833984375,-104.84930419921875,1720476302
aaa4b3,39.51544810149629,-104.84375,1720476303
ad579b,39.538212145789196,-104.849365234375,1720476304
ad579b,39.538863877118644,-104.84942626953125,1720476305
a81ba7,39.56822204589844,-104.8730999490489,1720476305
a81ba7,39.56800557799258,-104.873046875,1720476306
ad579b,39.53965526516154,-104.84942626953125,1720476306
a81ba7,39.56800557799258,-104.873046875,1720476306
a81ba7,39.56748962402344,-104.87304024074388,1720476307
aaa4b3,39.5196533203125,-104.84097688094428,1720476307
a81ba7,39.56730651855469,-104.87304024074388,1720476307
a81ba7,39.56707453323623,-104.873046875,1720476308
aaa4b3,39.52061539989407,-104.84033203125,1720476308
aaa4b3,39.52153015136719,-104.83972300653872,1720476309
a81ba7,39.566469354144594,-104.87298583984375,1720476309
a81ba7,39.56620788574219,-104.87298053243885,1720476310
aaa4b3,39.522477489406775,-104.839111328125,1720476310
ad579b,39.54231262207031,-104.84957487686819,1720476310
ad579b,39.54258728027344,-104.84957487686819,1720476311
a81ba7,39.565817622815146,-104.87298583984375,1720476311
aaa4b3,39.52350163863877,-104.83843994140625,1720476311
a81ba7,39.565817622815146,-104.87298583984375,1720476311
ad579b,39.54295349121094,-104.84957487686819,1720476311
a81ba7,39.56535210043697,-104.87298583984375,1720476312
a81ba7,39.56521244372352,-104.87298583984375,1720476312
aaa4b3,39.52464294433594,-104.83769292416778,1720476312
a81ba7,39.56502623477225,-104.8729248046875,1720476312
aaa4b3,39.52554993710275,-104.83709716796875,1720476313
a81ba7,39.56451416015625,-104.87292082413381,1720476313
aaa4b3,39.526702880859375,-104.83637934145719,1720476314
a81ba7,39.564239501953125,-104.87292082413381,1720476314
a81ba7,39.56404863777807,-104.8729248046875,1720476315
aaa4b3,39.527830996755824,-104.83563232421875,1720476315
aaa4b3,39.52899169921875,-104.83488663383153,1720476316
aaa4b3,39.530112056408896,-104.83416748046875,1720476317
aaa4b3,39.530763787738344,-104.833740234375,1720476318
aaa4b3,39.530763787738344,-104.833740234375,1720476318
a6bf31,39.526611328125,-104.86294953719428,1720476319
a6bf31,39.52656555175781,-104.86265099566916,1720476320
a6bf31,39.52652753409693,-104.8624267578125,1720476320
a6bf31,39.52648098185911,-104.86163330078125,1720476322
a6bf31,39.52648098185911,-104.8614501953125,1720476322
aaa4b3,39.535491943359375,-104.83076676078466,1720476322
a6bf31,39.52643442962129,-104.86126708984375,1720476323
aaa4b3,39.53759765625,-104.82945317807403,1720476324
aaa4b3,39.538770772643005,-104.8287353515625,1720476325
aaa4b3,39.53929138183594,-104.8284381368886,1720476326
aaa4b3,39.53974914550781,-104.82813959536344,1720476326
aaa4b3,39.54026044425318,-104.82781982421875,1720476327
aaa4b3,39.54067941439354,-104.82757568359375,1720476327
aaa4b3,39.54121398925781,-104.82724397078803,1720476328
aaa4b3,39.541750115863344,-104.826904296875,1720476328
aaa4b3,39.54240184719279,-104.82647705078125,1720476329
aaa4b3,39.54240184719279,-104.82647705078125,1720476329
aaa4b3,39.54342599642479,-104.82586669921875,1720476330
aaa4b3,39.544077727754235,-104.825439453125,1720476330
aaa4b3,39.54460144042969,-104.82509447180706,1720476331
aaa4b3,39.54524230957031,-104.8247362219769,1720476332
aaa4b3,39.5458001605535,-104.82440185546875,1720476332
aaa4b3,39.546405339645126,-104.823974609375,1720476333
aaa4b3,39.546824309785485,-104.82373046875,1720476333
aaa4b3,39.547393798828125,-104.82342263926631,1720476334
aaa4b3,39.54844665527344,-104.822765847911,1720476335
aaa4b3,39.549617444054554,-104.822021484375,1720476336
aaa4b3,39.55064159328654,-104.82135009765625,1720476337
aaa4b3,39.551712294756356,-104.8206787109375,1720476338
aaa4b3,39.552131264896715,-104.82037353515625,1720476338
aaa4b3,39.55278299622616,-104.82000732421875,1720476339
aaa4b3,39.55278299622616,-104.82000732421875,1720476339
aaa4b3,39.5537109375,-104.81936247452444,1720476340
aaa4b3,39.554351806640625,-104.81894451638925,1720476340
aaa4b3,39.55499267578125,-104.81852655825406,1720476341
aaa4b3,39.55552957825741,-104.8182373046875,1720476341
aaa4b3,39.55613475734904,-104.81781005859375,1720476342
aaa4b3,39.5567864886785,-104.8173828125,1720476343
aaa4b3,39.557205458818856,-104.817138671875,1720476343
aaa4b3,39.557205458818856,-104.817138671875,1720476343
aaa4b3,39.55827616028866,-104.81640625,1720476344
aaa4b3,39.55888133938029,-104.8160400390625,1720476344
aaa4b3,39.55930030952066,-104.81573486328125,1720476345
aaa4b3,39.55930030952066,-104.81573486328125,1720476345
aaa4b3,39.560371010990465,-104.8150634765625,1720476346
aaa4b3,39.560976190082094,-104.81463623046875,1720476347
aaa4b3,39.56162792141154,-104.814208984375,1720476347
aaa4b3,39.5621337890625,-104.81386931046194,1720476348
aaa4b3,39.562774658203125,-104.81345135232675,1720476348
aaa4b3,39.563303801972985,-104.8131103515625,1720476349
aaa4b3,39.563303801972985,-104.8131103515625,1720476349
aaa4b3,39.56432795120498,-104.81243896484375,1720476350
aaa4b3,39.56432795120498,-104.81243896484375,1720476350
aaa4b3,39.565521240234375,-104.81166010317594,1720476351
aaa4b3,39.56593322753906,-104.81136156165081,1720476351
aaa4b3,39.56634521484375,-104.81112272843069,1720476352
aaa4b3,39.56684177204714,-104.81072998046875,1720476352
aaa4b3,39.56739807128906,-104.81040622877038,1720476353
aaa4b3,39.56781005859375,-104.81010768724525,1720476353
aaa4b3,39.56822204589844,-104.80986885402513,1720476353
aaa4b3,39.568750413797666,-104.80950927734375,1720476354
aaa4b3,39.568750413797666,-104.80950927734375,1720476354
aaa4b3,39.56977456302966,-104.808837890625,1720476355
aaa4b3,39.57073974609375,-104.80819702148438,1720476356
aaa4b3,39.57126423463983,-104.807861328125,1720476356
aaa4b3,39.571683204780186,-104.80755615234375,1720476357
aaa4b3,39.57270735401218,-104.806884765625,1720476358
a81ba7,39.544217384467686,-104.87127685546875,1720476358
aaa4b3,39.57270735401218,-104.806884765625,1720476358
a81ba7,39.544031175516416,-104.8712158203125,1720476359
aaa4b3,39.57373150324417,-104.80621337890625,1720476359
a81ba7,39.54375186208951,-104.8712158203125,1720476359
aaa4b3,39.57480220471398,-104.80548095703125,1720476360
aaa4b3,39.57480220471398,-104.80548095703125,1720476360
aaa4b3,39.57572937011719,-104.80491306470788,1720476361
aaa4b3,39.576897055415785,-104.80413818359375,1720476362
aaa4b3,39.57792120464777,-104.803466796875,1720476363
aaa4b3,39.57894535387977,-104.80279541015625,1720476364
aaa4b3,39.58104020458157,-104.8013916015625,1720476366
aaa4b3,39.582183837890625,-104.80067377505094,1720476367
aaa4b3,39.58451843261719,-104.79912135912025,1720476369
aaa4b3,39.59272481627383,-104.793701171875,1720476377
aaa4b3,39.59678649902344,-104.79106073794156,1720476381
aaa4b3,39.59779357910156,-104.79034423828125,1720476382
aaa4b3,39.603973388671875,-104.78616465692934,1720476388
aaa4b3,39.60506115929555,-104.785400390625,1720476389
a3820b,39.516425698490465,-104.84814453125,1720476427
a3820b,39.516658459679554,-104.84820556640625,1720476427
a3820b,39.516658459679554,-104.84820556640625,1720476427
a3820b,39.51722717285156,-104.84820158585256,1720476428
a3820b,39.51754295219809,-104.84820556640625,1720476428
a3820b,39.517822265625,-104.8482666015625,1720476429
a3820b,39.51819468352754,-104.8482666015625,1720476429
a3820b,39.51850891113281,-104.8482612941576,1720476430
a3820b,39.51873779296875,-104.8482612941576,1720476430
a3820b,39.519012451171875,-104.84832100246263,1720476431
a3820b,39.519311937235166,-104.84832763671875,1720476431
a3820b,39.5196533203125,-104.84832100246263,1720476432
a3820b,39.52001953125,-104.84832100246263,1720476432
a3820b,39.52033608646716,-104.84832763671875,1720476433
a3820b,39.5254102803893,-104.84857177734375,1720476441
a3820b,39.52564304157839,-104.8486328125,1720476441
a3820b,39.525970458984375,-104.84861954398778,1720476442
a3820b,39.52629477290784,-104.8486328125,1720476442
a3820b,39.52666719081038,-104.8486328125,1720476443
a3820b,39.52666719081038,-104.8486328125,1720476443
a3820b,39.52825927734375,-104.84867925229278,1720476445
a3820b,39.52862548828125,-104.84867925229278,1720476446
a3820b,39.52899169921875,-104.84873896059781,1720476446
a3820b,39.529266357421875,-104.84873896059781,1720476447
a3820b,39.5295999817929,-104.8487548828125,1720476447
a3820b,39.52983274298199,-104.8487548828125,1720476448
a81ba7,39.50816345214844,-104.8609791631284,1720476448
a3820b,39.530205160884535,-104.8487548828125,1720476448
a3820b,39.530548095703125,-104.84879866890284,1720476449
a3820b,39.53082275390625,-104.84879866890284,1720476449
a3820b,39.53113620564089,-104.84881591796875,1720476450
a3820b,39.53113620564089,-104.84881591796875,1720476450
a3820b,39.53233337402344,-104.8489180855129,1720476452
a3820b,39.532672429488876,-104.84893798828125,1720476452
a3820b,39.53297424316406,-104.84897779381794,1720476453
a3820b,39.53324890136719,-104.84897779381794,1720476453
a3820b,39.53361511230469,-104.84903750212297,1720476454
a3820b,39.53392933990995,-104.84906005859375,1720476454
a3820b,39.53425598144531,-104.84903750212297,1720476455
a3820b,39.53453063964844,-104.84903750212297,1720476455
a3820b,39.53489685058594,-104.849097210428,1720476456
a3820b,39.53518625033104,-104.84912109375,1720476456
a3820b,39.535491943359375,-104.849097210428,1720476457
a3820b,39.53590393066406,-104.849156918733,1720476457
a3820b,39.53627014160156,-104.849156918733,1720476458
a3820b,39.5364990234375,-104.849156918733,1720476458
a3820b,39.53672790527344,-104.84921662703803,1720476459
a3820b,39.53704833984375,-104.84918212890625,1720476459
a3820b,39.54039001464844,-104.84939575195312,1720476465
a6bf31,39.57591247558594,-104.853515625,1720476492
a6bf31,39.5760498046875,-104.853515625,1720476492
a6bf31,39.57624532408633,-104.853515625,1720476493
a6bf31,39.57624532408633,-104.853515625,1720476493
a6bf31,39.582297115002646,-104.853515625,1720476510
a6bf31,39.58305358886719,-104.85357533330503,1720476512
a6bf31,39.58319091796875,-104.85357533330503,1720476513
a6bf31,39.5833740234375,-104.85363504161006,1720476513
addc0a,39.51896667480469,-104.84820158585256,1720476610
addc0a,39.5256895938162,-104.84869384765625,1720476621
addc0a,39.5262016684322,-104.84869384765625,1720476621
addc0a,39.52727236990201,-104.8487548828125,1720476623
addc0a,39.5275051310911,-104.8487548828125,1720476623
addc0a,39.527830996755824,-104.8487548828125,1720476624
addc0a,39.527830996755824,-104.8487548828125,1720476624
addc0a,39.5284423828125,-104.84879866890284,1720476625
addc0a,39.52885514598782,-104.84881591796875,1720476625
addc0a,39.52913445941472,-104.848876953125,1720476626
addc0a,39.52913445941472,-104.848876953125,1720476626
addc0a,39.52976989746094,-104.84885837720788,1720476627
addc0a,39.530158608646715,-104.848876953125,1720476627
addc0a,39.530391369835804,-104.84893798828125,1720476628
a1a39b,39.566162109375,-104.85070933466372,1720476628
addc0a,39.530391369835804,-104.84893798828125,1720476628
a1a39b,39.56629943847656,-104.85076904296875,1720476628
a1a39b,39.56639099121094,-104.85076904296875,1720476629
a1a39b,39.5665283203125,-104.85076904296875,1720476629
a1a39b,39.566619873046875,-104.85076904296875,1720476630
a1a39b,39.566802978515625,-104.85076904296875,1720476630
a1a39b,39.56693487652277,-104.85076904296875,1720476631
a1a39b,39.56754005561441,-104.850830078125,1720476633
addc0a,39.53517150878906,-104.84921662703803,1720476635
addc0a,39.535791429422666,-104.8492431640625,1720476636
a1a39b,39.56867980957031,-104.85088845957881,1720476637
addc0a,39.536407470703125,-104.84927633534306,1720476637
a1a39b,39.56886291503906,-104.85088845957881,1720476637
addc0a,39.53746032714844,-104.8493360436481,1720476639
addc0a,39.53783972788665,-104.84930419921875,1720476639
addc0a,39.53807248907574,-104.849365234375,1720476640
a6bf31,39.56437683105469,-104.87053249193275,1720476640
addc0a,39.538351802502646,-104.849365234375,1720476640
a6bf31,39.5641417422537,-104.87054443359375,1720476641
addc0a,39.538787841796875,-104.8493360436481,1720476641
addc0a,39.53947448730469,-104.84939575195312,1720476642
a1a39b,39.57024008540784,-104.85101318359375,1720476642
a1a39b,39.5709228515625,-104.85106758449388,1720476644
a6bf31,39.560417563228285,-104.87017822265625,1720476648
a6bf31,39.56023135427701,-104.8701171875,1720476649
a6bf31,39.56023135427701,-104.8701171875,1720476649
a6bf31,39.55976583189883,-104.8701171875,1720476650
a6bf31,39.55948651847193,-104.87005615234375,1720476650
a81ba7,33.474084886453916,-103.64109584263394,1720476653
a81ba7,33.474224543167374,-103.64115189532845,1720476653
a81ba7,33.47445730435646,-103.64115189532845,1720476654
a1a39b,39.574127197265625,-104.85106758449388,1720476654
a1a39b,39.57426452636719,-104.8511272927989,1720476654
a1a39b,39.574429786811436,-104.85113525390625,1720476655
a1a39b,39.57461599576271,-104.85113525390625,1720476655
a1a39b,39.57481384277344,-104.8511272927989,1720476656
a6bf31,39.55711235434322,-104.86968994140625,1720476656
a1a39b,39.57499694824219,-104.8511272927989,1720476656
a6bf31,39.55711235434322,-104.86968994140625,1720476656
a1a39b,39.57517462261652,-104.85113525390625,1720476657
a1a39b,39.57517462261652,-104.85113525390625,1720476657
a1a39b,39.57554704051907,-104.8511962890625,1720476658
a1a39b,39.57573324947034,-104.8511962890625,1720476658
a1a39b,39.57596601065943,-104.8511962890625,1720476659
a6bf31,39.555250264830505,-104.86944580078125,1720476660
a6bf31,39.55499267578125,-104.86945774244225,1720476661
a6bf31,39.55485534667969,-104.86945774244225,1720476661
a1a39b,39.57673645019531,-104.85124670940897,1720476661
a1a39b,39.5769436076536,-104.85125732421875,1720476662
a1a39b,39.5769436076536,-104.85125732421875,1720476662
a1a39b,39.577269473318324,-104.85125732421875,1720476663
a6bf31,39.553985595703125,-104.86933832583219,1720476663
a6bf31,39.55384826660156,-104.86933832583219,1720476664
a6bf31,39.55348127979343,-104.8692626953125,1720476665
a81ba7,33.480229781845864,-103.64132005341196,1720476670
a1a39b,39.57994079589844,-104.85142583432403,1720476670
a81ba7,39.581924697100106,-104.8538818359375,1720476670
a81ba7,39.58222961425781,-104.85393358313519,1720476671
a1a39b,39.580169677734375,-104.85142583432403,1720476671
a1a39b,39.5803419210143,-104.8514404296875,1720476672
a81ba7,39.58259582519531,-104.85393358313519,1720476672
a1a39b,39.58057468220339,-104.8514404296875,1720476672
a1a39b,39.58080744339248,-104.85150146484375,1720476673
a1a39b,39.58094710010593,-104.85150146484375,1720476673
a1a39b,39.58113098144531,-104.85148554262906,1720476674
a81ba7,39.583831787109375,-104.85399329144022,1720476675
a81ba7,39.58396911621094,-104.85399329144022,1720476676
a81ba7,39.58415920451536,-104.85400390625,1720476676
a81ba7,39.58465576171875,-104.85405299974525,1720476678
a1a39b,39.58346092094809,-104.8516845703125,1720476680
a6bf31,39.546844482421875,-104.86862182617188,1720476681
a1a39b,39.584014892578125,-104.85172437584919,1720476682
a6bf31,39.54661560058594,-104.86862182617188,1720476682
a6bf31,39.546478271484375,-104.86862182617188,1720476682
a6bf31,39.54626568293167,-104.86859130859375,1720476683
a6bf31,39.54048156738281,-104.8680247431216,1720476699
a6bf31,39.53825869802701,-104.86767578125,1720476705
a6bf31,39.5262451171875,-104.86277041227922,1720476739
a6bf31,39.52619934082031,-104.86247187075406,1720476740
a81ba7,39.57517462261652,-104.8729248046875,1720476778
a81ba7,39.57481384277344,-104.87292082413381,1720476779
a81ba7,39.57453918457031,-104.87292082413381,1720476779
a81ba7,39.56867980957031,-104.87232374108356,1720476794
a81ba7,39.56847110037076,-104.872314453125,1720476795
a81ba7,39.56823833918167,-104.872314453125,1720476795
a81ba7,39.5680521302304,-104.87225341796875,1720476796
a81ba7,39.56781936904131,-104.87225341796875,1720476796
a81ba7,39.567626953125,-104.8722043244735,1720476797
a81ba7,39.56740039890095,-104.8721923828125,1720476797
a81ba7,39.5672607421875,-104.8721923828125,1720476798
a81ba7,39.5672607421875,-104.8721923828125,1720476798
a81ba7,39.566802978515625,-104.87208490786344,1720476799
a81ba7,39.56666564941406,-104.87208490786344,1720476799
a81ba7,39.5659572795286,-104.87200927734375,1720476801
a81ba7,39.56577107057733,-104.8719482421875,1720476801
a81ba7,39.565631413863876,-104.8719482421875,1720476802
a81ba7,39.565155029296875,-104.87190578294837,1720476803
a81ba7,39.56488037109375,-104.87184607464334,1720476803
a81ba7,39.56474304199219,-104.87184607464334,1720476804
a81ba7,39.56446838378906,-104.87178636633831,1720476805
a81ba7,39.56382751464844,-104.87172665803328,1720476806
a81ba7,39.56355285644531,-104.87166694972825,1720476807
a95fd6,39.57476806640625,-104.85094816788381,1720476814
a95fd6,39.57498841366525,-104.8509521484375,1720476814
a95fd6,39.57513427734375,-104.85094816788381,1720476815
a95fd6,39.5753173828125,-104.85094816788381,1720476815
a95fd6,39.57545471191406,-104.85100787618885,1720476816
a95fd6,39.57563781738281,-104.85100787618885,1720476816
a95fd6,39.57582635394597,-104.85101318359375,1720476817
a95fd6,39.57582635394597,-104.85101318359375,1720476817
a95fd6,39.57675739870233,-104.85107421875,1720476819
a95fd6,39.57691955566406,-104.85106758449388,1720476820
a95fd6,39.577129816604874,-104.85113525390625,1720476820
a95fd6,39.577269473318324,-104.85113525390625,1720476821
a95fd6,39.57966613769531,-104.85124670940897,1720476828
a95fd6,39.58039855957031,-104.851306417714,1720476830
a95fd6,39.5806212344412,-104.851318359375,1720476830
a95fd6,39.580810546875,-104.85136612601903,1720476831
a95fd6,39.58099365234375,-104.85137939453125,1720476831
a95fd6,39.5811767578125,-104.85136612601903,1720476832
a1a39b,39.56474692134534,-104.8714599609375,1720476835
a1a39b,39.56382751464844,-104.87136840820312,1720476837
a95fd6,39.58318160752118,-104.85162353515625,1720476837
a1a39b,39.56364440917969,-104.87136840820312,1720476837
a95fd6,39.58341436871027,-104.85162353515625,1720476838
a1a39b,39.56341552734375,-104.87136840820312,1720476838
a1a39b,39.56016540527344,-104.8708907417629,1720476845
a81ba7,39.54643249511719,-104.868920367697,1720476845
a1a39b,39.55990548861229,-104.870849609375,1720476846
a1a39b,39.55976583189883,-104.87078857421875,1720476846
a1a39b,39.55952453613281,-104.87077132515284,1720476847
a1a39b,39.55934143066406,-104.87077132515284,1720476847
a1a39b,39.558415817002114,-104.87060546875,1720476849
a1a39b,39.558197021484375,-104.87059220023778,1720476850
a1a39b,39.557950294623936,-104.87060546875,1720476850
a1a39b,39.5577392578125,-104.87053249193275,1720476851
a1a39b,39.55751037597656,-104.87053249193275,1720476851
a1a39b,39.55725201105667,-104.8704833984375,1720476852
a81ba7,39.54231262207031,-104.86497961956522,1720476856
a1a39b,39.55455198126324,-104.87005615234375,1720476858
a1a39b,39.5537109375,-104.86993540888247,1720476860
a1a39b,39.55357360839844,-104.86987570057744,1720476860
a1a39b,39.55334162307998,-104.869873046875,1720476861
a1a39b,39.55306230965307,-104.86981201171875,1720476861
a1a39b,39.55264333951271,-104.8697509765625,1720476862
a1a39b,39.54652404785156,-104.86898007600203,1720476878
a1a39b,39.54624938964844,-104.86898007600203,1720476878
a1a39b,39.5460794739804,-104.86895751953125,1720476879
a1a39b,39.5460794739804,-104.86895751953125,1720476879
a1a39b,39.545745849609375,-104.868920367697,1720476880
a1a39b,39.54514842922404,-104.8687744140625,1720476881
a1a39b,39.54491566803495,-104.8687744140625,1720476882
a1a39b,39.54405212402344,-104.86862182617188,1720476884
a1a39b,39.543844966565146,-104.86859130859375,1720476884
a1a39b,39.54364013671875,-104.86850240956181,1720476885
a5cf19,39.48593398271981,-104.74261474609375,1720476904
a5cf19,39.491455078125,-104.7383980129076,1720476909
a5cf19,39.492645263671875,-104.73744268002716,1720476910
a5cf19,39.495058221332094,-104.735595703125,1720476912
a6bf31,39.57572937011719,-104.85369474991506,1720476912
a6bf31,39.57591945842161,-104.85369873046875,1720476912
a5cf19,39.49608237056409,-104.73480224609375,1720476913
a6bf31,39.579071044921875,-104.85393358313519,1720476921
a5cf19,39.507766982256356,-104.72564697265625,1720476923
a6bf31,39.580078125,-104.85399329144022,1720476924
a6bf31,39.58024881653866,-104.85406494140625,1720476925
a6bf31,39.58173848814883,-104.854248046875,1720476929
a6bf31,39.5819091796875,-104.85423212466031,1720476930
a6bf31,39.58220401052701,-104.854248046875,1720476931
a8fed3,39.57728576660156,-104.8511272927989,1720476942
a8fed3,39.578155517578125,-104.8511272927989,1720476943
a8fed3,39.580016055349574,-104.85125732421875,1720476945
a8fed3,39.58201780157574,-104.851318359375,1720476947
a8fed3,39.582622980667374,-104.851318359375,1720476948
a5cf19,39.53645324707031,-104.70358807107675,1720476948
a8fed3,39.582948846332094,-104.85137939453125,1720476948
a8fed3,39.584381103515625,-104.85142583432403,1720476949
a8fed3,39.584857488082626,-104.8514404296875,1720476950
a95fd6,39.57298666743909,-104.8720703125,1720476980
a95fd6,39.57061250331038,-104.87152099609375,1720476985
a95fd6,39.57037353515625,-104.87148782481319,1720476986
a95fd6,39.569091796875,-104.87124899159306,1720476988
a95fd6,39.56890869140625,-104.87124899159306,1720476989
a95fd6,39.56730651855469,-104.87101015837297,1720476992
a95fd6,39.56712108547404,-104.8709716796875,1720476993
a95fd6,39.56693487652277,-104.8709716796875,1720476993
a95fd6,39.56666564941406,-104.87095045006794,1720476994
a95fd6,39.56648254394531,-104.8708907417629,1720476994
a95fd6,39.56629943847656,-104.8708907417629,1720476994
a95fd6,39.56602478027344,-104.8708907417629,1720476995
a95fd6,39.565817622815146,-104.870849609375,1720476996
a95fd6,39.56428139896716,-104.8707275390625,1720476999
a95fd6,39.56428139896716,-104.8707275390625,1720476999
a95fd6,39.56381587658898,-104.87066650390625,1720477000
a95fd6,39.56098937988281,-104.87047278362772,1720477006
a95fd6,39.56080627441406,-104.87047278362772,1720477006
a95fd6,39.56053161621094,-104.87047278362772,1720477007
a95fd6,39.56025695800781,-104.87047278362772,1720477007
a95fd6,39.56004514532574,-104.87042236328125,1720477008
a95fd6,39.56004514532574,-104.87042236328125,1720477008
a95fd6,39.55952453613281,-104.87035336701766,1720477009
a95fd6,39.55729856329449,-104.8702392578125,1720477014
a95fd6,39.55538992154396,-104.87005615234375,1720477018
a95fd6,39.55517578125,-104.8699951171875,1720477019
a95fd6,39.55499267578125,-104.8699951171875,1720477019
a95fd6,39.554458876787606,-104.86993408203125,1720477020
a95fd6,39.55421447753906,-104.86987570057744,1720477021
a95fd6,39.55046081542969,-104.86957715905231,1720477029
a95fd6,39.55018615722656,-104.86951745074728,1720477029
a95fd6,39.54626568293167,-104.86932373046875,1720477038
a95fd6,39.54626568293167,-104.86932373046875,1720477038
a95fd6,39.545745849609375,-104.86933832583219,1720477039
a95fd6,39.54552084712659,-104.86932373046875,1720477040
a95fd6,39.54533463817532,-104.8692626953125,1720477040
a95fd6,39.54514842922404,-104.8692626953125,1720477040
a1a39b,39.57563781738281,-104.85363504161006,1720477043
a95fd6,39.54379841432733,-104.8690185546875,1720477043
a1a39b,39.575775146484375,-104.85363504161006,1720477043
a95fd6,39.54351910090042,-104.86895751953125,1720477044
a1a39b,39.576141357421875,-104.85363504161006,1720477044
a1a39b,39.57627868652344,-104.85363504161006,1720477045
a1a39b,39.576431533037606,-104.8536376953125,1720477045
ad28ce,39.48591613769531,-104.73147184952444,1720477047
ad28ce,39.48687744140625,-104.73081505816916,1720477048
ad28ce,39.48798228118379,-104.7301025390625,1720477049
ad28ce,39.488959878177965,-104.7294921875,1720477050
a1a39b,39.579643637447035,-104.8538818359375,1720477054
a1a39b,39.58058166503906,-104.85393358313519,1720477057
a6bf31,39.57475565247616,-104.872802734375,1720477059
a1a39b,39.582183837890625,-104.85411270805028,1720477061
a1a39b,39.582948846332094,-104.85418701171875,1720477063
a95fd6,39.541470802436436,-104.8541259765625,1720477078
a6bf31,39.56493313029661,-104.87139892578125,1720477080
a6bf31,39.56418829449152,-104.8712158203125,1720477082
a6bf31,39.563908981064614,-104.8712158203125,1720477082
a6bf31,39.563722772113344,-104.87115478515625,1720477083
aba15a,39.56977456302966,-104.850830078125,1720477090
a6bf31,39.560184802039196,-104.8707275390625,1720477090
aba15a,39.57024008540784,-104.850830078125,1720477091
a6bf31,39.55990548861229,-104.87066650390625,1720477091
aba15a,39.57042629435911,-104.850830078125,1720477091
a6bf31,39.55943996623411,-104.87066650390625,1720477092
a6bf31,39.558746337890625,-104.87059220023778,1720477093
aba15a,39.571590100304554,-104.85089111328125,1720477094
a6bf31,39.55851745605469,-104.87059220023778,1720477094
a6bf31,39.55824279785156,-104.87059220023778,1720477094
a6bf31,39.557996846861755,-104.87054443359375,1720477095
a6bf31,39.557996846861755,-104.87054443359375,1720477095
a6bf31,39.55751037597656,-104.87053249193275,1720477096
a6bf31,39.55723571777344,-104.87047278362772,1720477096
aba15a,39.574336682335804,-104.8509521484375,1720477100
aba15a,39.574522891287074,-104.8509521484375,1720477100
aba15a,39.574522891287074,-104.8509521484375,1720477100
aba15a,39.57499694824219,-104.85094816788381,1720477101
aba15a,39.57518005371094,-104.85094816788381,1720477101
aba15a,39.57545471191406,-104.85094816788381,1720477102
a6bf31,39.55455198126324,-104.8701171875,1720477102
aba15a,39.57563781738281,-104.85094816788381,1720477103
a6bf31,39.55427266783633,-104.8701171875,1720477103
aba15a,39.57582635394597,-104.8509521484375,1720477103
aba15a,39.57582635394597,-104.8509521484375,1720477103
aba15a,39.57624532408633,-104.8509521484375,1720477104
aba15a,39.576873779296875,-104.85100787618885,1720477105
aba15a,39.577056884765625,-104.85100787618885,1720477106
a6bf31,39.55302429199219,-104.86981599227241,1720477106
aba15a,39.57719421386719,-104.85100787618885,1720477106
aba15a,39.57737731933594,-104.85100787618885,1720477107
aba15a,39.5775146484375,-104.85100787618885,1720477107
aba15a,39.57889880164195,-104.85101318359375,1720477110
aba15a,39.57911682128906,-104.85106758449388,1720477111
a6bf31,39.55073547363281,-104.86939803413722,1720477111
aba15a,39.57931777178231,-104.85107421875,1720477111
aba15a,39.57952880859375,-104.85106758449388,1720477112
aba15a,39.579736741922666,-104.85107421875,1720477112
aba15a,39.57994079589844,-104.85106758449388,1720477113
aba15a,39.580155712063025,-104.85107421875,1720477113
aba15a,39.58039855957031,-104.85106758449388,1720477114
aba15a,39.580535888671875,-104.85106758449388,1720477114
aba15a,39.580810546875,-104.8511272927989,1720477115
aba15a,39.581085205078125,-104.8511272927989,1720477115
a9d630,39.51356506347656,-104.8482612941576,1720477116
a9d630,39.51416015625,-104.8482612941576,1720477116
a6bf31,39.54652404785156,-104.86856211786684,1720477121
a6bf31,39.54634094238281,-104.86850240956181,1720477121
a6bf31,39.54612602621822,-104.86846923828125,1720477122
a6bf31,39.54612602621822,-104.86846923828125,1720477122
a9d630,39.51837158203125,-104.84850012737772,1720477123
a6bf31,39.5447760113215,-104.8682861328125,1720477125
a6bf31,39.54458980237023,-104.8682861328125,1720477125
a6bf31,39.54458980237023,-104.8682861328125,1720477125
a6bf31,39.544189453125,-104.86826357634172,1720477126
a9d630,39.522857666015625,-104.84867925229278,1720477130
a6bf31,39.54230874271716,-104.86810302734375,1720477130
a6bf31,39.54212253376589,-104.86810302734375,1720477130
a6bf31,39.540725966631356,-104.8680419921875,1720477133
a9d630,39.52531717591366,-104.8487548828125,1720477133
a6bf31,39.54048156738281,-104.8680247431216,1720477134
a9d630,39.525970458984375,-104.84873896059781,1720477134
a9d630,39.52679443359375,-104.84879866890284,1720477136
a9d630,39.52734375,-104.84879866890284,1720477137
a9d630,39.527970653469275,-104.84881591796875,1720477138
a9d630,39.527970653469275,-104.84881591796875,1720477138
a9d630,39.52912902832031,-104.84885837720788,1720477139
a9d630,39.52983274298199,-104.848876953125,1720477140
a9d630,39.53041076660156,-104.8489180855129,1720477141
a9d630,39.53779317564883,-104.849365234375,1720477152
a9d630,39.538538011453916,-104.849365234375,1720477154
a9d630,39.53924560546875,-104.84939575195312,1720477155
aba15a,39.59577941894531,-104.84229046365488,1720477157
aba15a,39.59509898040254,-104.8382568359375,1720477164
aba15a,39.59295757746292,-104.83428955078125,1720477172
aba15a,39.5921196371822,-104.8331298828125,1720477175
aba15a,39.5921196371822,-104.8331298828125,1720477175
aba15a,39.59184265136719,-104.8326774265455,1720477176
aba15a,39.59146790585275,-104.83221435546875,1720477177
aba15a,39.59065246582031,-104.83112501061481,1720477179
aba15a,39.59049030885858,-104.8309326171875,1720477180
aba15a,39.59030409990731,-104.83062744140625,1720477181
a1a39b,39.5753173828125,-104.8723834493886,1720477181
aba15a,39.58983857752913,-104.83001708984375,1720477182
aba15a,39.589691162109375,-104.82981142790422,1720477183
aba15a,39.589508056640625,-104.8295725946841,1720477183
aba15a,39.58932650291313,-104.829345703125,1720477184
aba15a,39.58918684619968,-104.82916259765625,1720477184
aba15a,39.58886098053495,-104.8287353515625,1720477185
aba15a,39.588023040254235,-104.82757568359375,1720477188
aba15a,39.588023040254235,-104.82757568359375,1720477188
aba15a,39.58769717458951,-104.8271484375,1720477189
aba15a,39.58769717458951,-104.8271484375,1720477189
aba15a,39.58723165221133,-104.8265380859375,1720477190
aba15a,39.58723165221133,-104.8265380859375,1720477190
aba15a,39.58690578654661,-104.82611083984375,1720477191
aba15a,39.58671957759534,-104.82586669921875,1720477192
aba15a,39.58653336864407,-104.8255615234375,1720477192
aba15a,39.58634948730469,-104.82539301333219,1720477193
aba15a,39.58616638183594,-104.82509447180706,1720477193
aba15a,39.586029052734375,-104.82491534689197,1720477194
aba15a,39.585881637314614,-104.82470703125,1720477194
aba15a,39.58570861816406,-104.82449738875678,1720477195
aba15a,39.58552551269531,-104.82425855553669,1720477195
aba15a,39.585369562698624,-104.82403564453125,1720477196
aba15a,39.58518335374735,-104.82373046875,1720477196
aba15a,39.58502197265625,-104.82354205587635,1720477197
aba15a,39.5848388671875,-104.82324351435122,1720477198
aba15a,39.584671279131356,-104.82305908203125,1720477198
aba15a,39.584671279131356,-104.82305908203125,1720477198
aba15a,39.58439196570445,-104.8226318359375,1720477199
aba15a,39.58439196570445,-104.8226318359375,1720477199
aba15a,39.58406610003972,-104.82220458984375,1720477200
aba15a,39.58392333984375,-104.82198963994566,1720477201
a95fd6,39.582183837890625,-104.85393358313519,1720477201
aba15a,39.58378678661282,-104.82177734375,1720477201
a95fd6,39.582390219478285,-104.85394287109375,1720477201
a1a39b,39.5650634765625,-104.87083103345788,1720477201
aba15a,39.58360057766154,-104.821533203125,1720477202
a95fd6,39.582550048828125,-104.85399329144022,1720477202
aba15a,39.58346092094809,-104.82135009765625,1720477202
aba15a,39.58327471199682,-104.82110595703125,1720477203
a1a39b,39.56428139896716,-104.87066650390625,1720477203
a1a39b,39.56395553330243,-104.87066650390625,1720477204
aba15a,39.582669532905186,-104.8201904296875,1720477205
aba15a,39.582669532905186,-104.8201904296875,1720477205
a95fd6,39.58392644332627,-104.85406494140625,1720477206
aba15a,39.582343667240465,-104.81976318359375,1720477206
a95fd6,39.58411265227754,-104.85406494140625,1720477206
aba15a,39.582343667240465,-104.81976318359375,1720477206
aba15a,39.58201780157574,-104.8193359375,1720477207
aba15a,39.58183159262447,-104.81903076171875,1720477207
aba15a,39.58168029785156,-104.81882509977922,1720477208
aba15a,39.58150572695975,-104.818603515625,1720477208
aba15a,39.58135986328125,-104.818347433339,1720477209
aba15a,39.58122253417969,-104.8181683084239,1720477209
aba15a,39.58099365234375,-104.81792947520381,1720477210
aba15a,39.58085632324219,-104.81769064198369,1720477210
a1a39b,39.560417563228285,-104.8701171875,1720477210
aba15a,39.580718994140625,-104.81751151706862,1720477211
a1a39b,39.56016540527344,-104.87005482549253,1720477211
aba15a,39.580535888671875,-104.8172726838485,1720477211
a1a39b,39.55990548861229,-104.87005615234375,1720477211
aba15a,39.5803419210143,-104.8170166015625,1720477212
a1a39b,39.5596727274232,-104.8699951171875,1720477212
aba15a,39.580202264300844,-104.81683349609375,1720477212
aba15a,39.579969503111755,-104.8165283203125,1720477213
aba15a,39.579969503111755,-104.8165283203125,1720477213
aba15a,39.579643637447035,-104.81610107421875,1720477214
aba15a,39.579643637447035,-104.81610107421875,1720477214
aba15a,39.57929992675781,-104.81566055961278,1720477215
a1a39b,39.557996846861755,-104.86981201171875,1720477215
aba15a,39.579071044921875,-104.81542172639266,1720477215
a1a39b,39.557810637910485,-104.8697509765625,1720477215
aba15a,39.57889880164195,-104.815185546875,1720477216
aba15a,39.57889880164195,-104.815185546875,1720477216
aba15a,39.57857293597722,-104.814697265625,1720477217
aba15a,39.57857293597722,-104.814697265625,1720477217
aba15a,39.57857293597722,-104.814697265625,1720477217
aba15a,39.57806086136123,-104.8140869140625,1720477218
aba15a,39.57792120464777,-104.8138427734375,1720477218
aba15a,39.5777349956965,-104.8135986328125,1720477219
aba15a,39.57759533898305,-104.81341552734375,1720477219
aba15a,39.577423095703125,-104.81315281080163,1720477220
aba15a,39.577239990234375,-104.81297368588653,1720477220
aba15a,39.577083264367054,-104.812744140625,1720477221
a1a39b,39.555203712592686,-104.869384765625,1720477221
aba15a,39.5769436076536,-104.8125,1720477221
a1a39b,39.554924399165785,-104.869384765625,1720477222
aba15a,39.5767822265625,-104.81231689453125,1720477222
a1a39b,39.554924399165785,-104.869384765625,1720477222
aba15a,39.57638498079979,-104.811767578125,1720477223
aba15a,39.57638498079979,-104.811767578125,1720477223
aba15a,39.57601256289725,-104.811279296875,1720477224
aba15a,39.57601256289725,-104.811279296875,1720477224
aba15a,39.57545393604343,-104.810546875,1720477225
aba15a,39.5753173828125,-104.81028681216031,1720477226
aba15a,39.57494186142743,-104.80975341796875,1720477227
aba15a,39.57476806640625,-104.80951060419497,1720477228
aba15a,39.574569443524894,-104.80926513671875,1720477228
aba15a,39.574383234573624,-104.80902099609375,1720477229
aba15a,39.574243577860166,-104.80877685546875,1720477229
aba15a,39.574103921146715,-104.80859375,1720477229
aba15a,39.57396426443326,-104.80841064453125,1720477230
aba15a,39.57396426443326,-104.80841064453125,1720477230
aba15a,39.573577880859375,-104.80789847995925,1720477231
aba15a,39.57340563757945,-104.8076171875,1720477231
aba15a,39.573211669921875,-104.80742081351903,1720477232
aba15a,39.57307434082031,-104.8071819802989,1720477232
aba15a,39.57289356296345,-104.80694580078125,1720477233
aba15a,39.57275390625,-104.8067626953125,1720477233
aba15a,39.57257080078125,-104.8064654806386,1720477234
aba15a,39.57243347167969,-104.8062863557235,1720477234
aba15a,39.572241831634,-104.8060302734375,1720477235
aba15a,39.57205562268273,-104.80572509765625,1720477235
aba15a,39.57188415527344,-104.80545043945312,1720477236
aba15a,39.571683204780186,-104.80517578125,1720477236
aba15a,39.571496995828916,-104.80487060546875,1720477237
aba15a,39.571310786877646,-104.8046875,1720477237
aba15a,39.571124577926376,-104.80438232421875,1720477238
aba15a,39.571124577926376,-104.80438232421875,1720477238
aba15a,39.57078552246094,-104.80389802352241,1720477239
aba15a,39.570556640625,-104.80359948199728,1720477239
a1a39b,39.54716491699219,-104.86826357634172,1720477240
aba15a,39.57041931152344,-104.80336064877716,1720477240
a1a39b,39.54689025878906,-104.86820386803669,1720477240
aba15a,39.57024008540784,-104.8031005859375,1720477240
a1a39b,39.54670715332031,-104.86820386803669,1720477241
aba15a,39.57005387645657,-104.80279541015625,1720477241
a1a39b,39.54656982421875,-104.86820386803669,1720477241
aba15a,39.57005387645657,-104.80279541015625,1720477241
a1a39b,39.54635878740731,-104.8681640625,1720477242
aba15a,39.56964111328125,-104.80222619098166,1720477242
a1a39b,39.54635878740731,-104.8681640625,1720477242
aba15a,39.56944869736493,-104.802001953125,1720477242
aba15a,39.56927490234375,-104.8016888162364,1720477243
aba15a,39.56913757324219,-104.80150969132131,1720477243
aba15a,39.568983174986755,-104.80120849609375,1720477244
aba15a,39.568796966035485,-104.801025390625,1720477244
a1a39b,39.54510498046875,-104.8680247431216,1720477244
aba15a,39.568610757084215,-104.80072021484375,1720477245
a1a39b,39.54491566803495,-104.86798095703125,1720477245
aba15a,39.568610757084215,-104.80072021484375,1720477245
a1a39b,39.54463635460805,-104.867919921875,1720477245
aba15a,39.56822204589844,-104.80013640030569,1720477246
a1a39b,39.544496697894594,-104.867919921875,1720477246
aba15a,39.56803894042969,-104.7998975670856,1720477246
aba15a,39.56786592127913,-104.79962158203125,1720477247
aba15a,39.56786592127913,-104.79962158203125,1720477247
aba15a,39.56749350337659,-104.799072265625,1720477248
aba15a,39.56735384666313,-104.79888916015625,1720477248
aba15a,39.56721418994968,-104.79864501953125,1720477249
aba15a,39.56721418994968,-104.79864501953125,1720477249
aba15a,39.56721418994968,-104.79864501953125,1720477249
aba15a,39.56670211533368,-104.79791259765625,1720477250
aba15a,39.56656245862023,-104.79766845703125,1720477250
aba15a,39.56634521484375,-104.79738981827444,1720477251
aba15a,39.56620788574219,-104.79721069335938,1720477251
aba15a,39.56597900390625,-104.79691215183425,1720477252
aba15a,39.56584167480469,-104.79667331861413,1720477252
aba15a,39.565677966101696,-104.79644775390625,1720477253
aba15a,39.56553830938824,-104.79620361328125,1720477253
aba15a,39.565338134765625,-104.79595681895381,1720477254
aba15a,39.5651658914857,-104.79571533203125,1720477254
aba15a,39.564971923828125,-104.7954791525136,1720477255
a50887,39.44105529785156,-104.80992856233016,1720477255
aba15a,39.564788818359375,-104.79512090268341,1720477255
aba15a,39.56460726463188,-104.79486083984375,1720477256
aba15a,39.56437450344279,-104.7945556640625,1720477256
aba15a,39.56423484672934,-104.79437255859375,1720477257
aba15a,39.56409519001589,-104.794189453125,1720477257
a50887,39.44217487917108,-104.80645751953125,1720477257
aba15a,39.56391906738281,-104.79392673658288,1720477258
aba15a,39.56376932435116,-104.79364013671875,1720477258
aba15a,39.56362966763771,-104.79345703125,1720477259
aba15a,39.56362966763771,-104.79345703125,1720477259
aba15a,39.563323974609375,-104.79297140370244,1720477260
aba15a,39.56309509277344,-104.79267286217731,1720477260
aba15a,39.56254577636719,-104.79189665421194,1720477262
aba15a,39.562408447265625,-104.79165782099184,1720477262
aba15a,39.560184802039196,-104.788330078125,1720477268
aba15a,39.559661865234375,-104.78753794794497,1720477270
aba15a,39.55952453613281,-104.78735882302988,1720477270
aba15a,39.559295654296875,-104.78700057319972,1720477271
aba15a,39.55911410056938,-104.7867431640625,1720477271
aba15a,39.55897444385593,-104.78656005859375,1720477272
aba15a,39.557577876721396,-104.78448486328125,1720477276
aba15a,39.55571578720868,-104.78173828125,1720477281
aba15a,39.55557613049523,-104.781494140625,1720477281
aba15a,39.55540466308594,-104.78126857591712,1720477282
aba15a,39.555203712592686,-104.781005859375,1720477282
aba15a,39.55503845214844,-104.78073120117188,1720477283
aba15a,39.55485534667969,-104.78043265964675,1720477283
aba15a,39.554718017578125,-104.78025353473166,1720477284
aba15a,39.55448913574219,-104.77995499320653,1720477284
a1a39b,39.53988802635063,-104.85369873046875,1720477285
aba15a,39.55430603027344,-104.77959674337635,1720477285
a1a39b,39.54002768306409,-104.85357666015625,1720477285
aba15a,39.554168701171875,-104.77941761846128,1720477285
aba15a,39.553985595703125,-104.77917878524116,1720477286
aba15a,39.55385369769597,-104.7789306640625,1720477286
aba15a,39.55362093650688,-104.77862548828125,1720477287
aba15a,39.55348127979343,-104.7784423828125,1720477287
aba15a,39.55329895019531,-104.77816374405569,1720477288
aba15a,39.5531554141287,-104.77789306640625,1720477288
aba15a,39.552978515625,-104.77762636931047,1720477289
aba15a,39.55284118652344,-104.77738753609034,1720477289
aba15a,39.55264333951271,-104.777099609375,1720477290
aba15a,39.552410578323624,-104.77679443359375,1720477290
aba15a,39.55224609375,-104.77655161981997,1720477291
aba15a,39.552084712658896,-104.7762451171875,1720477291
aba15a,39.5518798828125,-104.77595453676969,1720477292
aba15a,39.551712294756356,-104.77569580078125,1720477292
aba15a,39.5515726380429,-104.7755126953125,1720477293
aba15a,39.5515726380429,-104.7755126953125,1720477293
aba15a,39.5515726380429,-104.7755126953125,1720477293
a50887,39.47038553528866,-104.75640869140625,1720477294
aba15a,39.55110168457031,-104.77476037066916,1720477294
aba15a,39.55068814552436,-104.774169921875,1720477295
a1a39b,39.543844966565146,-104.8524169921875,1720477297
a50887,39.47359763969809,-104.75152587890625,1720477298
a50887,39.47456359863281,-104.75010084069294,1720477299
aba15a,39.548965712725106,-104.77178955078125,1720477300
a50887,39.47611146054025,-104.74774169921875,1720477301
aba15a,39.54840087890625,-104.77099874745244,1720477301
aba15a,39.54770880230402,-104.76995849609375,1720477303
a50887,39.47959899902344,-104.74245817764944,1720477305
a50887,39.480301161943856,-104.74139404296875,1720477306
a50887,39.481139102224574,-104.74017333984375,1720477307
a50887,39.48197704250529,-104.73883056640625,1720477308
aba15a,39.54606628417969,-104.76729683254075,1720477308
aba15a,39.54583740234375,-104.7669385827106,1720477308
aba15a,39.54566050384004,-104.76666259765625,1720477309
aba15a,39.54566050384004,-104.76666259765625,1720477309
aba15a,39.54533463817532,-104.76611328125,1720477310
aba15a,39.543731689453125,-104.76359491762906,1720477315
aba15a,39.54359436035156,-104.76335608440897,1720477315
aba15a,39.54323978747352,-104.76275634765625,1720477316
a50887,39.488540908037606,-104.72900390625,1720477316
aba15a,39.541750115863344,-104.76025390625,1720477320
aba15a,39.54158020019531,-104.76001241932744,1720477321
aba15a,39.54139709472656,-104.75965416949728,1720477321
aba15a,39.54123804124735,-104.7593994140625,1720477322
a50887,39.49314957958157,-104.72210693359375,1720477322
aba15a,39.541098384533896,-104.7591552734375,1720477322
aba15a,39.54093933105469,-104.75887796153194,1720477323
a50887,39.49388122558594,-104.72102289614469,1720477323
aba15a,39.54077251886917,-104.758544921875,1720477323
a50887,39.4947509765625,-104.7197093134341,1720477324
aba15a,39.54034423828125,-104.75780321204144,1720477325
a50887,39.49552917480469,-104.71851514733356,1720477325
aba15a,39.54011535644531,-104.75744496221128,1720477325
aba15a,39.53998113082627,-104.75714111328125,1720477326
aba15a,39.53984147411282,-104.7569580078125,1720477326
a50887,39.49729272874735,-104.7159423828125,1720477327
a6bf31,39.5760498046875,-104.853515625,1720477334
a95fd6,39.5748487569518,-104.87481689453125,1720477341
a95fd6,39.57461599576271,-104.874755859375,1720477342
a95fd6,39.57421875,-104.87465236497962,1720477343
a95fd6,39.57401081667108,-104.87457275390625,1720477343
a95fd6,39.57380676269531,-104.87453294836956,1720477344
a95fd6,39.571962518207094,-104.8740234375,1720477348
a6bf31,39.58319091796875,-104.85393358313519,1720477354
a6bf31,39.58336781647245,-104.85394287109375,1720477355
a95fd6,39.56694030761719,-104.87268199091372,1720477360
a95fd6,39.56629943847656,-104.87256257430366,1720477361
a95fd6,39.565631413863876,-104.87237548828125,1720477363
a95fd6,39.565631413863876,-104.87237548828125,1720477363
a95fd6,39.5651658914857,-104.87225341796875,1720477363
a95fd6,39.56488657805879,-104.8721923828125,1720477364
a99e46,39.57948303222656,-104.851306417714,1720477372
a99e46,39.58024881653866,-104.851318359375,1720477373
a99e46,39.5811333090572,-104.85137939453125,1720477374
a99e46,39.58209228515625,-104.85142583432403,1720477375
a99e46,39.582529876191735,-104.8514404296875,1720477376
a99e46,39.58387756347656,-104.85148554262906,1720477377
a95fd6,39.55741882324219,-104.87083103345788,1720477380
a95fd6,39.55715890658104,-104.87078857421875,1720477380
a95fd6,39.556915283203125,-104.87077132515284,1720477381
a95fd6,39.55669338420286,-104.8707275390625,1720477381
a95fd6,39.554168701171875,-104.87035336701766,1720477386
a95fd6,39.55390024993379,-104.870361328125,1720477387
a95fd6,39.55390024993379,-104.870361328125,1720477387
a95fd6,39.55320739746094,-104.8702339504076,1720477388
a95fd6,39.5515726380429,-104.8699951171875,1720477392
a95fd6,39.551293324616,-104.86993408203125,1720477392
a95fd6,39.549774169921875,-104.86969657566237,1720477395
a95fd6,39.547429488877114,-104.86932373046875,1720477400
a95fd6,39.54716491699219,-104.86927861752716,1720477401
a1a39b,39.58187814486229,-104.8538818359375,1720477414
a1a39b,39.58187814486229,-104.8538818359375,1720477414
a95fd6,39.54053975768008,-104.86834716796875,1720477414
a1a39b,39.58187814486229,-104.8538818359375,1720477414
a95fd6,39.540306996491,-104.8682861328125,1720477415
a1a39b,39.582366943359375,-104.85393358313519,1720477415
a95fd6,39.54012078753972,-104.8682861328125,1720477415
a95fd6,39.539886474609375,-104.86826357634172,1720477416
a95fd6,39.53956604003906,-104.86820386803669,1720477416
a95fd6,39.538538011453916,-104.86810302734375,1720477418
a1a39b,39.58392333984375,-104.85405299974525,1720477419
a95fd6,39.53828430175781,-104.86808445142663,1720477419
a95fd6,39.53800964355469,-104.86808445142663,1720477419
a95fd6,39.537689208984375,-104.86808445142663,1720477420
a95fd6,39.53746730998411,-104.8680419921875,1720477420
a95fd6,39.5372314453125,-104.8680247431216,1720477421
a95fd6,39.53700256347656,-104.8680247431216,1720477421
a95fd6,39.53681945800781,-104.8680247431216,1720477422
ad36a8,39.46321649066472,-104.83038330078125,1720477426
ad36a8,39.466094970703125,-104.82330322265625,1720477431
ad36a8,39.46669006347656,-104.82198963994566,1720477432
ad36a8,39.46723937988281,-104.82061634893003,1720477433
a95fd6,39.529083251953125,-104.86772620159647,1720477438
ad36a8,39.4705810546875,-104.81261543605638,1720477439
ad36a8,39.47113037109375,-104.81136156165081,1720477440
a95fd6,39.52803039550781,-104.86772620159647,1720477440
ad36a8,39.47173555018538,-104.80987548828125,1720477441
ad36a8,39.47238728151483,-104.808349609375,1720477442
ad36a8,39.474700927734375,-104.80282327403194,1720477446
ad36a8,39.475832147113344,-104.8001708984375,1720477448
a95fd6,39.51947021484375,-104.866711160411,1720477458
a95fd6,39.519311937235166,-104.8665771484375,1720477459
a95fd6,39.519311937235166,-104.8665771484375,1720477459
a95fd6,39.517913818359375,-104.86402428668478,1720477465
a95fd6,39.51786881786282,-104.86376953125,1720477465
a95fd6,39.517822265625,-104.86354662024456,1720477466
a95fd6,39.51777571338718,-104.86328125,1720477466
a95fd6,39.517730712890625,-104.86306895380434,1720477467
a95fd6,39.51768493652344,-104.86283012058425,1720477467
a95fd6,39.51763605667373,-104.86260986328125,1720477468
ad36a8,39.48979781845868,-104.7679443359375,1720477472
ad36a8,39.49140930175781,-104.76425170898438,1720477475
ad36a8,39.49200439453125,-104.76293812627378,1720477476
a6bf31,39.57051086425781,-104.87160724142322,1720477478
ad36a8,39.49305725097656,-104.76043037746263,1720477478
ad36a8,39.49538408699682,-104.755126953125,1720477482
ad36a8,39.49598693847656,-104.75368333899456,1720477483
ad36a8,39.4966409974179,-104.75225830078125,1720477484
a6bf31,39.56409519001589,-104.8709716796875,1720477491
a6bf31,39.56011962890625,-104.87041307532269,1720477499
a6bf31,39.555436473781775,-104.86968994140625,1720477508
ad36a8,39.538677668167374,-104.71392822265625,1720477529
a6bf31,39.54482256355932,-104.8681640625,1720477530
a6bf31,39.54454325013241,-104.8681640625,1720477531
a6bf31,39.540958727820446,-104.867919921875,1720477538
a6bf31,39.54067941439354,-104.867919921875,1720477539
a6bf31,39.54067941439354,-104.867919921875,1720477539
adfecf,39.50962907176907,-104.84808349609375,1720477547
adfecf,39.510223388671875,-104.84808216924253,1720477548
adfecf,39.51335325079449,-104.84814453125,1720477553
a1a39b,39.57545393604343,-104.871826171875,1720477556
a1a39b,39.57261424953654,-104.87152099609375,1720477562
adfecf,39.521026611328125,-104.84838071076766,1720477565
adfecf,39.52153015136719,-104.84838071076766,1720477566
adfecf,39.522244728217686,-104.848388671875,1720477567
a60bcb,39.48574777376854,-104.7330322265625,1720477568
adfecf,39.52298956402277,-104.84844970703125,1720477568
a60bcb,39.48687744140625,-104.73230776579484,1720477569
adfecf,39.52345508640095,-104.84844970703125,1720477569
adfecf,39.52409362792969,-104.84850012737772,1720477570
a60bcb,39.4888916015625,-104.73093447477922,1720477571
adfecf,39.524711996822035,-104.8485107421875,1720477571
a60bcb,39.48989092293432,-104.730224609375,1720477572
a60bcb,39.493927001953125,-104.7274116847826,1720477576
a1a39b,39.566003831766416,-104.87066650390625,1720477576
a6bf31,39.52056884765625,-104.86617378566575,1720477583
a6bf31,39.52033608646716,-104.8660888671875,1720477584
a6bf31,39.52033608646716,-104.8660888671875,1720477584
a6bf31,39.519927978515625,-104.86587524414062,1720477585
a6bf31,39.519730907375525,-104.86572265625,1720477585
adfecf,39.53392933990995,-104.8489990234375,1720477586
adfecf,39.53471374511719,-104.84903750212297,1720477587
a1a39b,39.5604641154661,-104.87005615234375,1720477587
adfecf,39.53537245928231,-104.84912109375,1720477588
a1a39b,39.560211181640625,-104.87005482549253,1720477588
a1a39b,39.559952040850106,-104.87005615234375,1720477588
a1a39b,39.55976583189883,-104.8699951171875,1720477589
adfecf,39.53616384732521,-104.84912109375,1720477589
adfecf,39.53681945800781,-104.84921662703803,1720477590
adfecf,39.53759765625,-104.84921662703803,1720477591
a1a39b,39.55851745605469,-104.86993540888247,1720477591
adfecf,39.53825869802701,-104.84930419921875,1720477592
a1a39b,39.558013916015625,-104.86993540888247,1720477592
a1a39b,39.55778503417969,-104.86993540888247,1720477592
adfecf,39.53887939453125,-104.8493360436481,1720477593
a1a39b,39.55753132448358,-104.869873046875,1720477593
adfecf,39.540725966631356,-104.84942626953125,1720477596
adfecf,39.541534423828125,-104.84945546025816,1720477597
a1a39b,39.55549621582031,-104.86969657566237,1720477597
a1a39b,39.555250264830505,-104.86968994140625,1720477598
adfecf,39.542816162109375,-104.84957487686819,1720477599
adfecf,39.543472548662606,-104.849609375,1720477600
adfecf,39.54414367675781,-104.84963458517322,1720477601
adfecf,39.5447760113215,-104.84967041015625,1720477602
ac41ab,39.41647804389566,-104.81854248046875,1720477603
a1a39b,39.551971435546875,-104.86945774244225,1720477604
adfecf,39.54673120530985,-104.849853515625,1720477605
adfecf,39.54753112792969,-104.84987341839334,1720477606
adfecf,39.5494777873411,-104.8499755859375,1720477609
adfecf,39.549989861957094,-104.85003662109375,1720477610
a60bcb,39.530717235500525,-104.70257568359375,1720477612
adfecf,39.551293324616,-104.85009765625,1720477612
adfecf,39.55180539923199,-104.85015869140625,1720477613
a1a39b,39.54798889160156,-104.86915920091712,1720477613
adfecf,39.552457130561436,-104.8502197265625,1720477614
a1a39b,39.547760009765625,-104.86915920091712,1720477614
a1a39b,39.547576904296875,-104.86915920091712,1720477614
a60bcb,39.533696578720864,-104.7005615234375,1720477615
adfecf,39.55311584472656,-104.8502316682235,1720477615
adfecf,39.55376059322034,-104.85028076171875,1720477616
adfecf,39.55439758300781,-104.85029137652853,1720477617
a60bcb,39.53690868313029,-104.6983642578125,1720477618
adfecf,39.5555419921875,-104.85035108483356,1720477619
adfecf,39.55632019042969,-104.8504107931386,1720477620
adfecf,39.55682373046875,-104.8504107931386,1720477621
a6bf31,39.52070617675781,-104.85166466754416,1720477621
a6bf31,39.5211181640625,-104.8515452509341,1720477622
a6bf31,39.52131368346133,-104.85150146484375,1720477622
ac41ab,39.43328340174788,-104.799072265625,1720477622
adfecf,39.55815124511719,-104.85047050144362,1720477622
a6bf31,39.52153015136719,-104.85148554262906,1720477623
a6bf31,39.521732653601696,-104.8514404296875,1720477623
adfecf,39.55892789161811,-104.85052490234375,1720477624
a6bf31,39.521965414790785,-104.8514404296875,1720477624
adfecf,39.5591606528072,-104.85052490234375,1720477624
a6bf31,39.521965414790785,-104.8514404296875,1720477624
a6bf31,39.52244567871094,-104.85142583432403,1720477625
a6bf31,39.52266369835805,-104.85137939453125,1720477626
a6bf31,39.5228033550715,-104.85137939453125,1720477626
adfecf,39.5604641154661,-104.8505859375,1720477626
a6bf31,39.52308266849841,-104.85137939453125,1720477627
a6bf31,39.52308266849841,-104.85137939453125,1720477627
adfecf,39.561126708984375,-104.85058991805366,1720477627
a6bf31,39.52308266849841,-104.85137939453125,1720477627
a6bf31,39.52364129535222,-104.85137939453125,1720477628
adfecf,39.56190723483845,-104.85064697265625,1720477628
a6bf31,39.52364129535222,-104.85137939453125,1720477628
ac41ab,39.43940734863281,-104.79476265285325,1720477628
adfecf,39.562591552734375,-104.85064962635869,1720477629
ac41ab,39.44035934189618,-104.7940673828125,1720477629
adfecf,39.56321069749735,-104.8507080078125,1720477630
a1a39b,39.540618896484375,-104.86814415973166,1720477631
adfecf,39.563873291015625,-104.85070933466372,1720477631
a1a39b,39.540435791015625,-104.86814415973166,1720477632
adfecf,39.56456071239407,-104.8507080078125,1720477632
a1a39b,39.54020690917969,-104.86808445142663,1720477632
adfecf,39.56520080566406,-104.85070933466372,1720477633
adfecf,39.56639099121094,-104.85076904296875,1720477635
adfecf,39.56703186035156,-104.85076904296875,1720477636
adfecf,39.56730651855469,-104.85076904296875,1720477637
adfecf,39.56767971232786,-104.850830078125,1720477637
adfecf,39.568359375,-104.85082875127378,1720477638
adfecf,39.568750413797666,-104.850830078125,1720477639
adfecf,39.568983174986755,-104.850830078125,1720477639
adfecf,39.57005387645657,-104.85089111328125,1720477641
adfecf,39.57005387645657,-104.85089111328125,1720477641
a7db1a,39.472759699417374,-104.84637451171875,1720477641
a7db1a,39.47317866955773,-104.84637451171875,1720477642
a7db1a,39.47317866955773,-104.84637451171875,1720477642
adfecf,39.571357339115465,-104.8509521484375,1720477643
adfecf,39.571590100304554,-104.8509521484375,1720477643
a6bf31,39.53001895193326,-104.8515625,1720477644
a6bf31,39.53022766113281,-104.85160495923913,1720477645
adfecf,39.5735452942929,-104.85107421875,1720477646
adfecf,39.574310302734375,-104.8511272927989,1720477647
adfecf,39.575592041015625,-104.85118700110394,1720477649
adfecf,39.57624532408633,-104.8511962890625,1720477650
adfecf,39.57647808527542,-104.8511962890625,1720477651
a95fd6,45.579254150390625,-100.07982207507621,1720477651
a95fd6,39.57945742849576,-104.853759765625,1720477651
a95fd6,39.57969018968485,-104.853759765625,1720477652
adfecf,39.57737731933594,-104.85124670940897,1720477652
a95fd6,39.580062607587394,-104.853759765625,1720477653
adfecf,39.57922466730667,-104.851318359375,1720477655
a95fd6,39.582110906051376,-104.8538818359375,1720477659
a95fd6,39.582110906051376,-104.8538818359375,1720477659
adfecf,39.58259582519531,-104.85148554262906,1720477660
a95fd6,39.583135055283364,-104.8538818359375,1720477662
a95fd6,39.58336781647245,-104.85394287109375,1720477662
adfecf,39.58387756347656,-104.8515452509341,1720477662
a95fd6,39.58351135253906,-104.85393358313519,1720477663
adfecf,39.5845316224179,-104.85162353515625,1720477663
ac41ab,39.47547912597656,-104.76992399796194,1720477664
a7db1a,39.49156680349576,-104.84735107421875,1720477665
a7db1a,39.49195861816406,-104.84736566958219,1720477666
ac41ab,39.48326110839844,-104.7645502505095,1720477673
ac41ab,39.4872374453787,-104.76177978515625,1720477677
ac41ab,39.48821504237288,-104.7611083984375,1720477678
ac41ab,39.49131774902344,-104.75899737814197,1720477681
ac41ab,39.49223327636719,-104.75834058678669,1720477682
ac41ab,39.49612892280191,-104.755615234375,1720477686
ac41ab,39.49708557128906,-104.75493721340013,1720477687
ac41ab,39.4982237735037,-104.754150390625,1720477688
a19b0f,158.27682495117188,150.68023681640625,1720477688
ac41ab,39.499237060546875,-104.75344450577444,1720477689
a19b0f,158.2767791748047,150.6884765625,1720477689
ac41ab,39.50427556442002,-104.7498779296875,1720477693
ac41ab,39.505439370365465,-104.74908447265625,1720477695
a7db1a,39.517030877582094,-104.8482666015625,1720477700
a19b0f,158.27655029296875,150.8642578125,1720477701
a7db1a,39.517364501953125,-104.84832100246263,1720477701
a7db1a,39.51759338378906,-104.84832100246263,1720477701
ac41ab,39.51283264160156,-104.7438911769701,1720477701
a7db1a,39.51796192233845,-104.84832763671875,1720477702
a7db1a,39.51796192233845,-104.84832763671875,1720477702
ac41ab,39.51402282714844,-104.74305526069972,1720477702
a7db1a,39.51850891113281,-104.84832100246263,1720477703
a7db1a,39.51878356933594,-104.84838071076766,1720477703
a7db1a,39.519125728283896,-104.848388671875,1720477703
a7db1a,39.51942443847656,-104.84838071076766,1720477704
a7db1a,39.519744873046875,-104.84844041907269,1720477704
a7db1a,39.52006530761719,-104.84844041907269,1720477705
a7db1a,39.52042919094279,-104.84844970703125,1720477705
ac41ab,39.51722717285156,-104.74078634510869,1720477705
ac41ab,39.51786804199219,-104.7403683869735,1720477706
a7db1a,39.52080160884534,-104.8485107421875,1720477706
ac41ab,39.51850891113281,-104.73989072053328,1720477707
a7db1a,39.52117402674788,-104.8485107421875,1720477707
a7db1a,39.52117402674788,-104.8485107421875,1720477707
a7db1a,39.521759033203125,-104.84855983568275,1720477708
ac41ab,39.51969909667969,-104.73899509595788,1720477708
ac41ab,39.52080160884534,-104.73822021484375,1720477709
a7db1a,39.52276611328125,-104.84861954398778,1720477709
a7db1a,39.52299499511719,-104.84861954398778,1720477710
ac41ab,39.5218505859375,-104.73744268002716,1720477710
a7db1a,39.5233154296875,-104.8486328125,1720477710
a7db1a,39.5233154296875,-104.8486328125,1720477710
a7db1a,39.52396716101695,-104.84869384765625,1720477711
a7db1a,39.52427673339844,-104.84873896059781,1720477712
a7db1a,39.52457234010858,-104.8487548828125,1720477712
ac41ab,39.525130966962394,-104.73504638671875,1720477713
a7db1a,39.524991310248936,-104.8487548828125,1720477713
a7db1a,39.524991310248936,-104.8487548828125,1720477713
a7db1a,39.52559648934057,-104.8487548828125,1720477714
ac41ab,39.52634132514566,-104.73419189453125,1720477714
a7db1a,39.52582925052966,-104.84881591796875,1720477714
a7db1a,39.5262016684322,-104.84881591796875,1720477715
a7db1a,39.52648098185911,-104.84881591796875,1720477715
a7db1a,39.52676029528602,-104.84881591796875,1720477715
a7db1a,39.52708616095074,-104.848876953125,1720477716
a7db1a,39.527435302734375,-104.84885837720788,1720477717
a7db1a,39.52775573730469,-104.8489180855129,1720477717
a7db1a,39.52812194824219,-104.8489180855129,1720477718
a7db1a,39.528350830078125,-104.8489180855129,1720477718
a7db1a,39.52866893703654,-104.84893798828125,1720477719
a7db1a,39.52904135493909,-104.8489990234375,1720477719
a7db1a,39.52941377284163,-104.8489990234375,1720477720
a7db1a,39.52964653403072,-104.8489990234375,1720477720
a7db1a,39.52995300292969,-104.84903750212297,1720477721
a7db1a,39.530181884765625,-104.84903750212297,1720477721
a7db1a,39.530484474311436,-104.84906005859375,1720477722
ac41ab,39.53616384732521,-104.727294921875,1720477722
ac41ab,39.53728110103284,-104.7265625,1720477723
a7db1a,39.53196716308594,-104.849097210428,1720477724
ac41ab,39.538538011453916,-104.7257080078125,1720477725
a7db1a,39.53233337402344,-104.849097210428,1720477725
a7db1a,39.532562255859375,-104.849097210428,1720477725
a7db1a,39.53288269042969,-104.849156918733,1720477726
a7db1a,39.533184504104874,-104.84918212890625,1720477726
a7db1a,39.533477783203125,-104.849156918733,1720477727
a7db1a,39.53370666503906,-104.849156918733,1720477727
a7db1a,39.53407287597656,-104.84921662703803,1720477728
a7db1a,39.5343017578125,-104.84921662703803,1720477728
a7db1a,39.53466796875,-104.84921662703803,1720477729
a7db1a,39.53495348914195,-104.8492431640625,1720477729
a7db1a,39.53521728515625,-104.84927633534306,1720477730
a7db1a,39.53544616699219,-104.84927633534306,1720477730
a7db1a,39.53581237792969,-104.84927633534306,1720477731
a7db1a,39.536041259765625,-104.8493360436481,1720477731
a7db1a,39.53627014160156,-104.8493360436481,1720477732
a4f022,39.56561279296875,-104.81142126995584,1720477732
a7db1a,39.536590576171875,-104.8493360436481,1720477732
a4f022,39.56400208554025,-104.81048583984375,1720477733
a4f022,39.56246586169227,-104.80963134765625,1720477734
a4f022,39.56098937988281,-104.80879410453466,1720477735
a4f022,39.55930030952066,-104.807861328125,1720477736
a7db1a,39.539003533832094,-104.8494873046875,1720477736
a4f022,39.557577876721396,-104.806884765625,1720477737
a7db1a,39.53956216068591,-104.8494873046875,1720477737
a4f022,39.55577087402344,-104.80586839758831,1720477738
a7db1a,39.53984069824219,-104.84951516856319,1720477738
a7db1a,39.54002380371094,-104.84951516856319,1720477738
a4f022,39.55422611559852,-104.80499267578125,1720477739
a4f022,39.552364026085804,-104.803955078125,1720477740
a4f022,39.550872802734375,-104.80312181555706,1720477741
a4f022,39.54936218261719,-104.80228589928669,1720477742
a4f022,39.5476622500662,-104.80133056640625,1720477743
a7db1a,39.5423583984375,-104.84957487686819,1720477743
a7db1a,39.54263460838188,-104.849609375,1720477743
a4f022,39.54615783691406,-104.80049465013587,1720477744
a7db1a,39.54282081733316,-104.849609375,1720477744
a7db1a,39.54300702628443,-104.849609375,1720477744
a4f022,39.54463635460805,-104.7996826171875,1720477744
a4f022,39.542724609375,-104.798583984375,1720477746
a4f022,39.54123804124735,-104.7977294921875,1720477746
a4f022,39.53946905621027,-104.7967529296875,1720477748
a4f022,39.5377000711732,-104.7957763671875,1720477749
a4f022,39.536224365234375,-104.79494177776834,1720477750
a4f022,39.53467417571504,-104.7940673828125,1720477750
a4f022,39.53306579589844,-104.79321023692256,1720477751
a4f022,39.531280517578125,-104.7921951957371,1720477752
a4f022,39.52239990234375,-104.78717969811481,1720477758
a4f022,39.52056884765625,-104.78619384765625,1720477759
a058b6,39.505828857421875,-104.85393358313519,1720477759
a4f022,39.51693777310646,-104.7841796875,1720477761
a4f022,39.5152153403072,-104.783203125,1720477762
a4f022,39.50166863910222,-104.77557373046875,1720477770
a4f022,39.50010681152344,-104.77470066236413,1720477771
a4f022,39.498321533203125,-104.77368562117866,1720477772
a4f022,39.49662780761719,-104.77278999660325,1720477773
a4f022,39.49479675292969,-104.77171524711278,1720477774
a4f022,39.49319613181938,-104.77081298828125,1720477775
a4f022,39.491473699020126,-104.7698974609375,1720477776
a4f022,39.48961160950741,-104.76885986328125,1720477777
a4f022,39.48765641551907,-104.76776123046875,1720477778
a4f022,39.4859619140625,-104.76681916610053,1720477779
a4f022,39.48417663574219,-104.76580412491506,1720477780
a4f022,39.48243713378906,-104.76484879203466,1720477781
a4f022,39.48088073730469,-104.76395316745925,1720477782
a4f022,39.479278564453125,-104.76305754288381,1720477783
a4f022,39.47746147543697,-104.7620849609375,1720477784
a4f022,39.47557067871094,-104.7610274605129,1720477785
a4f022,39.47378384864936,-104.760009765625,1720477786
a4f022,39.47200012207031,-104.759057086447,1720477787
a4f022,39.470306396484375,-104.75810175356656,1720477788
a4f022,39.46824413234904,-104.75689697265625,1720477789
a4f022,39.466754460738876,-104.756103515625,1720477790
a4f022,39.46485900878906,-104.75499692170516,1720477791
a4f022,39.462982177734375,-104.75398188051969,1720477792
a4f022,39.461151123046875,-104.75290713102922,1720477793
a4f022,39.45945739746094,-104.75195179814878,1720477794
a058b6,39.524322509765625,-104.85160495923913,1720477794
a4f022,39.4573974609375,-104.75079345703125,1720477795
a4f022,39.455814684851696,-104.7498779296875,1720477796
a4f022,39.45396423339844,-104.74884696628737,1720477797
a4f022,39.45209050582627,-104.747802734375,1720477798
a95fd6,39.57000732421875,-104.872802734375,1720477799
a4f022,39.45039367675781,-104.74681688391644,1720477799
a4f022,39.44842529296875,-104.74568242612091,1720477800
a4f022,39.44659423828125,-104.74466738493547,1720477801
a95fd6,39.568084716796875,-104.87232374108356,1720477802
a4f022,39.44473525225106,-104.74365234375,1720477802
a058b6,39.52871548927436,-104.85150146484375,1720477803
a4f022,39.442873162738344,-104.74261474609375,1720477803
a95fd6,39.56712341308594,-104.87208490786344,1720477804
a0acf8,39.47085105766684,-104.8782958984375,1720477804
a4f022,39.44101107322563,-104.74151611328125,1720477805
a95fd6,39.56684177204714,-104.8720703125,1720477805
a95fd6,39.566655563095864,-104.87200927734375,1720477805
a4f022,39.44101107322563,-104.74151611328125,1720477805
a058b6,39.52986145019531,-104.8515452509341,1720477806
a4f022,39.437713623046875,-104.73965188731319,1720477806
a058b6,39.53025171312235,-104.8515625,1720477807
a058b6,39.530484474311436,-104.8515625,1720477807
a95fd6,39.565677966101696,-104.871826171875,1720477807
a4f022,39.43602998377913,-104.73876953125,1720477807
a058b6,39.53067068326271,-104.8515625,1720477808
a95fd6,39.56549175715042,-104.87176513671875,1720477808
a058b6,39.53067068326271,-104.8515625,1720477808
a4f022,39.434260998742054,-104.73773193359375,1720477808
a058b6,39.53108965340307,-104.8515625,1720477809
a058b6,39.53108965340307,-104.8515625,1720477809
a058b6,39.53150862354343,-104.8515625,1720477810
a058b6,39.53150862354343,-104.8515625,1720477810
a058b6,39.53192759368379,-104.8515625,1720477811
a95fd6,39.5638624288268,-104.8714599609375,1720477811
a058b6,39.53192759368379,-104.8515625,1720477811
a95fd6,39.563676219875525,-104.87139892578125,1720477811
a058b6,39.532379150390625,-104.85160495923913,1720477812
a058b6,39.53262587725106,-104.85162353515625,1720477812
a058b6,39.53360347424523,-104.8516845703125,1720477815
a0acf8,39.480533923132946,-104.8681640625,1720477815
a058b6,39.53360347424523,-104.8516845703125,1720477815
a058b6,39.53407287597656,-104.85172437584919,1720477816
a95fd6,39.56034851074219,-104.87077132515284,1720477818
a95fd6,39.56009169756356,-104.8707275390625,1720477819
a95fd6,39.56009169756356,-104.8707275390625,1720477819
a0acf8,39.48504949020127,-104.8634033203125,1720477819
a0acf8,39.49179956468485,-104.8563232421875,1720477827
a0acf8,39.49287414550781,-104.85524716584578,1720477828
a058b6,39.5390625,-104.85196320906928,1720477828
a95fd6,39.55540466308594,-104.86987570057744,1720477828
a95fd6,39.555084228515625,-104.86981599227241,1720477829
a95fd6,39.5548095703125,-104.86981599227241,1720477829
a0acf8,39.49470520019531,-104.85339620838994,1720477830
a95fd6,39.554534912109375,-104.86975628396738,1720477830
a95fd6,39.55430603027344,-104.86969657566237,1720477830
a058b6,39.53993457858845,-104.8519287109375,1720477830
a058b6,39.54012078753972,-104.8519287109375,1720477831
a95fd6,39.55408645888506,-104.86968994140625,1720477831
a0acf8,39.49575650489936,-104.85235595703125,1720477831
a058b6,39.54026044425318,-104.8519287109375,1720477831
a058b6,39.54048156738281,-104.85196320906928,1720477832
a0acf8,39.49671936035156,-104.85136612601903,1720477832
a058b6,39.54071044921875,-104.85196320906928,1720477832
a058b6,39.54084777832031,-104.85196320906928,1720477833
a0acf8,39.497572042174255,-104.85052490234375,1720477833
a058b6,39.54112243652344,-104.85196320906928,1720477833
a95fd6,39.552689891750525,-104.86944580078125,1720477834
a058b6,39.541259765625,-104.85196320906928,1720477834
a0acf8,39.49854963916843,-104.84954833984375,1720477834
a95fd6,39.552689891750525,-104.86944580078125,1720477834
a058b6,39.541470802436436,-104.8519287109375,1720477834
a058b6,39.541470802436436,-104.8519287109375,1720477834
a95fd6,39.552154541015625,-104.86939803413722,1720477835
a0acf8,39.49969482421875,-104.84838071076766,1720477835
a058b6,39.54184322033898,-104.85198974609375,1720477835
a95fd6,39.551898503707626,-104.869384765625,1720477835
a058b6,39.54198287705243,-104.85198974609375,1720477835
a95fd6,39.55165100097656,-104.86933832583219,1720477836
a0acf8,39.500551385394594,-104.8475341796875,1720477836
a058b6,39.54221563824152,-104.85198974609375,1720477836
a058b6,39.54221563824152,-104.85198974609375,1720477836
a058b6,39.54258728027344,-104.85196320906928,1720477837
a058b6,39.542724609375,-104.85202291737431,1720477837
a95fd6,39.55064159328654,-104.86932373046875,1720477838
a058b6,39.54290771484375,-104.85202291737431,1720477838
a95fd6,39.55064159328654,-104.86932373046875,1720477838
a95fd6,39.55018615722656,-104.86927861752716,1720477839
a058b6,39.54327392578125,-104.85202291737431,1720477839
a0acf8,39.503448486328125,-104.84461908755094,1720477839
a95fd6,39.54991149902344,-104.86927861752716,1720477839
a95fd6,39.5496826171875,-104.86927861752716,1720477840
a0acf8,39.50432211665784,-104.84375,1720477840
a0acf8,39.50642395019531,-104.8416336722996,1720477842
a0acf8,39.50738525390625,-104.84061863111413,1720477843
a95fd6,39.54798889160156,-104.86921890922216,1720477843
a95fd6,39.54775535454184,-104.86920166015625,1720477843
a0acf8,39.50843811035156,-104.83954388162363,1720477844
a95fd6,39.5474853515625,-104.86915920091712,1720477844
a0acf8,39.50925665386652,-104.838623046875,1720477845
a0acf8,39.51004804190943,-104.837890625,1720477846
a0acf8,39.51173400878906,-104.83608079993206,1720477847
a0acf8,39.51279462394068,-104.83502197265625,1720477849
a0acf8,39.51474981792902,-104.83294677734375,1720477851
a95fd6,39.544077727754235,-104.868896484375,1720477851
a95fd6,39.544077727754235,-104.868896484375,1720477851
a0acf8,39.51580810546875,-104.83184151027513,1720477852
a95fd6,39.54350280761719,-104.86886065939197,1720477852
a95fd6,39.54323978747352,-104.86883544921875,1720477852
a0acf8,39.51658630371094,-104.83106530230978,1720477853
a95fd6,39.542999267578125,-104.86880095108694,1720477853
a95fd6,39.54267883300781,-104.86874124278194,1720477854
a95fd6,39.54240184719279,-104.86871337890625,1720477854
a0acf8,39.5185546875,-104.82897551163381,1720477855
a95fd6,39.54034423828125,-104.86838299295175,1720477858
a95fd6,39.54012078753972,-104.86834716796875,1720477859
a0acf8,39.522291280455505,-104.8250732421875,1720477859
a95fd6,39.54012078753972,-104.86834716796875,1720477859
a95fd6,39.539520263671875,-104.86826357634172,1720477860
a0acf8,39.52322232521186,-104.8240966796875,1720477860
a0acf8,39.524246474443856,-104.822998046875,1720477861
a95fd6,39.53846740722656,-104.86814415973166,1720477862
a0acf8,39.525787353515625,-104.82133284859034,1720477863
a95fd6,39.53788628012447,-104.8680419921875,1720477863
a95fd6,39.5377000711732,-104.86798095703125,1720477863
a0acf8,39.52662063857256,-104.8204345703125,1720477863
a95fd6,39.53741455078125,-104.86796503481656,1720477864
a95fd6,39.5372314453125,-104.86790532651153,1720477864
a0acf8,39.527644787804554,-104.8193359375,1720477864
a95fd6,39.53695523536811,-104.867919921875,1720477865
